timestamp,timeframe,category,rank,address,pnl,volume,userName
2026-03-31 05:13:40,day,overall,1,0x492442eab586f242b53bda933fd5de859c8a3782,838216.9230557792,1861900.6672039998,0x492442EaB586F242B53bDa933fD5dE859c8A3782-1766317541188
2026-03-31 05:13:40,day,overall,2,0x6a72f61820b26b1fe4d956e17b6dc2a1ea3033ee,605626.1222059987,520228.833484,kch123
2026-03-31 05:13:40,day,overall,3,0x777d9f00c2b4f7b829c9de0049ca3e707db05143,339132.70764439786,259095.388886,CarlosMC
2026-03-31 05:13:40,day,overall,4,0x03e8a544e97eeff5753bc1e90d46e5ef22af1697,271976.35425384063,510235.779964,weflyhigh
2026-03-31 05:13:40,day,overall,5,0xe934f2d7d6358c6c86bfdd5848f1e90412e9640b,215889.96568174,0.0,Feveey
2026-03-31 05:13:40,day,overall,6,0x1a5c09d9a082aaf2a543b1fc7bce36c41dd8a375,211798.0881603321,0.0,0x1a5c09d9a082aAF2A543b1Fc7bCE36c41dD8a375-1774116788380
2026-03-31 05:13:40,day,overall,7,0x1e7792acc779a6af8304bd7991ff31d16d468c33,201329.50768274447,26480.888977000002,THEdirkdiggler
2026-03-31 05:13:40,day,overall,8,0xc8075693f48668a264b9fa313b47f52712fcc12b,195034.9073744188,287073.16583099996,texaskid
2026-03-31 05:13:40,day,overall,9,0xa8e089ade142c95538e06196e09c85681112ad50,156627.60919302402,167234.81513699997,Wannac
2026-03-31 05:13:40,day,overall,10,0x37c1874a60d348903594a96703e0507c518fc53a,153159.92138643545,397800.42430899997,CemeterySun
2026-03-31 05:13:40,day,overall,11,0xe34bd584d623f83c5da3d7f2f79b07cb47463b60,134595.6351856301,160502.137765,Sol556677
2026-03-31 05:13:40,day,overall,12,0x96489abcb9f583d6835c8ef95ffc923d05a86825,101051.42938436786,351890.84742899996,anoin123
2026-03-31 05:13:40,day,overall,13,0x19254b55e7c48e88baab9e62cc218223a6544654,91954.68527500003,0.0,Tmao12345
2026-03-31 05:13:40,day,overall,14,0x5bec79df9add70a3892041ab1a5516b60f53b215,85100.21824984369,682547.645572,Suertudo1
2026-03-31 05:13:40,day,overall,15,0x8a3ab8120807bd64a3de48695110e390fa2ceb9a,76337.85650587,0.0,0x8a3aB8120807bD64a3De48695110e390fa2ceB9a-1771005965025
2026-03-31 05:13:40,day,overall,16,0x177600e5d30062deee4324f3d710e4b445ace557,73531.75392426002,0.0,Milkra
2026-03-31 05:13:40,day,overall,17,0xdd92232bcdfbbac04132b3cbacbf32c2e5b16b2a,68329.14563920209,46986.002337000005,Jdhdhduu
2026-03-31 05:13:40,day,overall,18,0xa71093cafc0c099b4ccab24c3cb8018d817923c4,52873.91227296309,0.0,Talvez10
2026-03-31 05:13:40,day,overall,19,0x507e52ef684ca2dd91f90a9d26d149dd3288beae,46006.362214492474,298920.455994,GamblingIsAllYouNeed
2026-03-31 05:13:40,day,overall,20,0x32ed517a571c01b6e9adecf61ba81ca48ff2f960,45368.29628667182,407966.47607400006,sportmaster777
2026-03-31 05:13:40,day,overall,21,0x32ed517a571c01b6e9adecf61ba81ca48ff2f960,43635.0661967101,396378.8920610001,sportmaster777
2026-03-31 05:13:40,day,overall,22,0xba389f76b0119aed07c53c9029852664bd97e406,42630.06835449902,178.201277,joblessfinalboss
2026-03-31 05:13:40,day,overall,23,0xde7be6d489bce070a959e0cb813128ae659b5f4b,41162.28088543388,0.0,wan123
2026-03-31 05:13:40,day,overall,24,0x507e52ef684ca2dd91f90a9d26d149dd3288beae,39175.30568335271,240732.73146599997,GamblingIsAllYouNeed
2026-03-31 05:13:40,day,overall,25,0xf28e42d20e4826f2b10a24bc952001697947cab2,38432.11955139224,295569.813004,ethanaz
2026-03-31 05:13:40,day,overall,26,0xdd92232bcdfbbac04132b3cbacbf32c2e5b16b2a,35142.716584415626,46986.002337000005,Jdhdhduu
2026-03-31 05:13:40,day,overall,27,0x5188fa0e8a77e87bc6a58e6781fdfc4e165cc804,34956.82424532496,4150.21,AllByMyseIf
2026-03-31 05:13:40,day,overall,28,0xacb206b460a17382a734de8d931cc176307eb989,34645.59339483686,119992.927742,AppleTime67
2026-03-31 05:13:40,day,overall,29,0x37e4728b3c4607fb2b3b205386bb1d1fb1a8c991,34208.6422239411,0.0,SemyonMarmeladov
2026-03-31 05:13:40,day,overall,30,0xa080dadd87036ad01dbf5e9c254b0c3dbdba234f,30397.744320568352,42102.41529700001,bands1
2026-03-31 05:13:40,day,overall,31,0x12ec6d71325afac2b4d25b3de94185e2c48d41ae,28718.269201940435,57808.858332,olegio
2026-03-31 05:13:40,day,overall,32,0xc851cd9bee7d262afd78674f861f9f576a12cd2a,28123.5064248376,0.0,betwick
2026-03-31 05:13:40,day,overall,33,0xebe5eafdd5caad75be19068cc6dddd83dc21b317,26418.481445360005,0.0,0xebe5eAFDd5CaAD75BE19068CC6dDDD83Dc21B317-1772576511133
2026-03-31 05:13:40,day,overall,34,0xa80e3fe5e7a445fa047fe6de1e27f9a15217b94b,25364.92969433927,31418.785791000002,bin8888
2026-03-31 05:13:40,day,overall,35,0xf1bb842abe5723be4d2643ab1720d962d115c2da,23366.670896692845,247845.252468,wkfendfkd
2026-03-31 05:13:40,day,overall,36,0x7f9e2d1df78614564a70becc7fa14aa9a6623a0e,20147.538344576307,97381.906351,nojnn
2026-03-31 05:13:40,day,overall,37,0xa022ba0a68e11a78348382ff168601012d4d77f8,19679.761906831507,0.0,yungstalin
2026-03-31 05:13:40,day,overall,38,0x3b5a307f9b679922a105fe9f55013b0d05babb9b,19502.10790574923,68985.65108,Gh0stTradez
2026-03-31 05:13:40,day,overall,39,0x88c4919de76e526d55a32c1f8afb439dd1f1129a,18090.410056467757,39512.356029,8934394839
2026-03-31 05:13:40,day,overall,40,0xc8ab97a9089a9ff7e6ef0688e6e591a066946418,17952.561796212067,631191.990751,ArmageddonRewardsBilly
2026-03-31 05:13:40,day,overall,41,0xd106952ebf30a3125affd8a23b6c1f30c35fc79c,16510.036353999836,0.0,Herdonia
2026-03-31 05:13:40,day,overall,42,0xea2b4224411e723499a803ce3f4758779fb31fc6,16277.265329555492,0.0,Bethooven
2026-03-31 05:13:40,day,overall,43,0x2707f2e693b3d20b5a17b603c532571108140afa,16265.931255877114,119585.334025,Predictandbreathe
2026-03-31 05:13:40,day,overall,44,0xc58df0b98437f613e20916c242403e0a6c009373,16127.649796719546,33332.99636,123abc
2026-03-31 05:13:40,day,overall,45,0x1333540adf87e2f1302d407cda408f41c101173b,16007.011538081499,139.055348,btc-sky2026
2026-03-31 05:13:40,day,overall,46,0xc6ae4cdece4be7f21b747eb11f6eaaa37972afe9,15985.768648950863,20230.246665,RoadTo1MillionUsd
2026-03-31 05:13:40,day,overall,47,0xde9f7f4e77a1595623ceb58e469f776257ccd43c,15960.3218806269,91092.54218699998,tradecraft
2026-03-31 05:13:40,day,overall,48,0x32b484581fc5606de9c1e43af4636b6be9bc8b21,15771.42777892745,30169.737130000005,0x32b484581fc5606dE9C1e43AF4636b6Be9BC8B21-1774274303653
2026-03-31 05:13:40,day,overall,49,0xc02147dee42356b7a4edbb1c35ac4ffa95f61fa8,15217.191383497495,22033.377253,Eatpraylove
2026-03-31 05:13:40,day,overall,50,0x9d94f602535e518ee1cb6aade0ca9569f1b1017d,14796.599958926789,287142.56924399995,eanvanezygv
2026-03-31 05:13:40,day,overall,51,0xd218e474776403a330142299f7796e8ba32eb5c9,14252.462062959234,69552.338835,cigarettes
2026-03-31 05:13:40,day,overall,52,0x7744bfd749a70020d16a1fcbac1d064761c9999e,14217.777463282393,0.0,chungguskhan
2026-03-31 05:13:40,day,overall,53,0xde0463ea7f611b065e8ab06bbfbddad75e6dfa37,14196.82057417164,218627.55094100008,mwenya
2026-03-31 05:13:40,day,overall,54,0xc6b13482e72f656519705d792a1f25587a6c78fd,14164.780000000004,0.0,feliweed
2026-03-31 05:13:40,day,overall,55,0x05f6027ceb5b8db472bb716d3ed574c199118cec,14058.77585483651,0.0,islav900
2026-03-31 05:13:40,day,overall,56,0xe5f0ae9cc9aef77ae3c2a64c9e69caa3f335dc1d,13961.815957485227,173489.084457,0xE5F0AE9cc9aeF77ae3c2A64c9E69caa3F335dc1d-1773531520731
2026-03-31 05:13:40,day,overall,57,0xd6966eb1ae7b52320ba7ab1016680198c9e08a49,13860.41340659363,95933.565798,EIf
2026-03-31 05:13:40,day,overall,58,0x3d3d5f8afa1dbaccc08c4ee85f7a5bc0ed9e3165,13789.900198599978,43287.942590000006,0x3d5914877754
2026-03-31 05:13:40,day,overall,59,0x2b15b1cab8917d786e44765002a07a78ee8c9b08,13183.001920374038,37288.736146999996,BabyLooove
2026-03-31 05:13:40,day,overall,60,0x7d92fd69504bfd391162e1442cb784c0af408676,13118.12691771501,42815.70538199999,mikesports
2026-03-31 05:13:40,day,overall,61,0xd57d76c832674adddd39d9ae1d34cc98c69b80d0,12810.250206983117,165571.082842,Contrariandog
2026-03-31 05:13:40,day,overall,62,0x7c3db723f1d4d8cb9c550095203b686cb11e5c6b,12650.770930828423,148371.502257,Car
2026-03-31 05:13:40,day,overall,63,0xc4d1a863e9cc45d02ba22d3a1ae9ba7822018ce8,12081.387666931492,0.0,rdba
2026-03-31 05:13:40,day,overall,64,0xbedbc3808d939f1f7c648e11680ac05e77ca3b26,11988.215808165522,24079.480304,Random3366
2026-03-31 05:13:40,day,overall,65,0xe1d6b51521bd4365769199f392f9818661bd907c,11910.749083694405,426376.32246199995,0xe1D6b51521Bd4365769199f392F9818661BD907
2026-03-31 05:13:40,day,overall,66,0x299f0eb6b685b18fd71ef414f2910be974ee2140,11890.443576916496,207524.96745700005,drunkenmasterr
2026-03-31 05:13:40,day,overall,67,0x9fd2b1fc8a1dfaeb4837c6aa4012a29a218c1c0c,11438.351902191001,0.0,0x9Fd2B1fC8a1dfaEB4837c6AA4012A29a218c1C0C-1761671332295
2026-03-31 05:13:40,day,overall,68,0x56280cd4cf8f902b3971338ddb04038e9dbfabbc,11236.065890194497,26606.230000000003,Po1yamory
2026-03-31 05:13:40,day,overall,69,0x8b5239494dd65eed682f0d9f0481ddeae4ff568e,11179.298192545632,34115.5533,0x8b5239494dd65Eed682F0d9f0481ddeae4ff568E-1773867165799
2026-03-31 05:13:40,day,overall,70,0x223fb39cdb365b469523aff98ccef4e3bc072050,11164.185121342838,49267.170553,0x223
2026-03-31 05:13:40,day,overall,71,0xc37c6c989bc5d86b3eb6095020899fedd585cd7e,11071.826843053,0.0,SlotinCapital
2026-03-31 05:13:40,day,overall,72,0x842ac934cfff1467f27c167c42c318001e407422,10968.567540854867,20140.345761,ChompChomp888
2026-03-31 05:13:40,day,overall,73,0x7b02b2bac2a30ed5e40b7094e734f4c3dc2a4991,10908.821585038688,5376.11,foodenjoyer
2026-03-31 05:13:40,day,overall,74,0x8dd10e3a2570d3d62440f0e7f988aff7223f5a9b,10897.901258465205,1897.440506,missadventure
2026-03-31 05:13:40,day,overall,75,0x1a29b75d4bfb5d62b343e4abdd10b60c0ce19b2e,10845.922823506811,2230.760102,Casablanca10
2026-03-31 05:13:40,day,overall,76,0x8718865882e085b764825b637788043c16185040,10773.814689636354,47525.15545,hurrican
2026-03-31 05:13:40,day,overall,77,0x44de2a52d8d2d3ddcf39d58e315a10df53ba9c08,10699.83052553449,0.0,BlueHorseshoe86
2026-03-31 05:13:40,day,overall,78,0x339a0e5aea39a7db5cea5b0003abab33c78c1eae,10395.34245393239,5000.0,Tokidoki
2026-03-31 05:13:40,day,overall,79,0xbaa2bcb5439e985ce4ccf815b4700027d1b92c73,10342.900010016514,33186.75,denizz
2026-03-31 05:13:40,day,overall,80,0x0eb75bf6f54794a83bd26095811f30b530161f17,10304.950558045268,94224.462001,elshark206
2026-03-31 05:13:40,day,overall,81,0xe734e7bf7cfb9e464681f71822f6c2f6be514f0c,10268.55789917154,147071.06232700002,boyau74
2026-03-31 05:13:40,day,overall,82,0x410d2faa635fbfede53aa4d871863d85a397d831,10229.222346438008,41534.41679,0x410D2faA635fBfEDE53aA4d871863D85a397d831-1773235492914
2026-03-31 05:13:40,day,overall,83,0xdc876e6873772d38716fda7f2452a78d426d7ab6,10167.960125823505,0.0,432614799197
2026-03-31 05:13:40,day,overall,84,0xa3d48312c4c35c66752b19670fefbd2f18419969,9836.757210161446,4999.971596,Maratk87
2026-03-31 05:13:40,day,overall,85,0x8837e1e25dda73ca2516cc3aaadae7889c55b369,9656.079789291996,0.0,jeffy33
2026-03-31 05:13:40,day,overall,86,0xc49fe658479db29e1a2fefebf0735f657dca9e05,9650.27816204511,8000.0,vibebettor
2026-03-31 05:13:40,day,overall,87,0xd058d668771b6f4d0f8ee4c345089e369d98c532,9636.056580000002,0.0,niki34
2026-03-31 05:13:40,day,overall,88,0xfce17e0395c790ad16f5a0b7fea062120f8e9ce7,9425.63328995739,5408.225792000001,K9O
2026-03-31 05:13:40,day,overall,89,0x685d793fd1f87a05716d14154eac45fca17122d6,9332.931123416158,5378.879104000001,mvpchipper
2026-03-31 05:13:40,day,overall,90,0x6b9088be3898f1bcb7add8a174bdf1c7295c2194,9234.234415836996,2565.0,banepir
2026-03-31 05:13:40,day,overall,91,0x6165eea4a70294502eaafe6a6abdcfae35c8db3c,9207.665912830233,359.259258,0x6165EEa4a70294502EAafe6A6abdCFAE35c8Db3c-1763787021961
2026-03-31 05:13:40,day,overall,92,0x1eaf5d5f822dc5211c25b5839e5b7aa70f319bf0,9099.487310376564,46333.079606,LYnetLY
2026-03-31 05:13:40,day,overall,93,0x8c901f67b036b5eebab4e1f2f904b8676743a904,9091.643078547186,34037.484349,Marketing101
2026-03-31 05:13:40,day,overall,94,0xa5f61cec2cd710d0e6b300f548b3d1cf91c1a659,8967.325201739026,14699.985240000002,JonDomino
2026-03-31 05:13:40,day,overall,95,0xc46368a3374e87566eff1ffae7e6ec0163509a2f,8878.494184233088,22908.250161,NewTeamSosed2
2026-03-31 05:13:40,day,overall,96,0x412fe1a101554f0b382181c3af932e4b2d8030fa,8744.872363450342,24073.521881,GrizzliesSuck
2026-03-31 05:13:40,day,overall,97,0x1ba1bb6aa2490adbbbbb314bc07ff21a8cc71ce4,8705.899284575004,0.0,0xBigSun
2026-03-31 05:13:40,day,overall,98,0xaba543a9c18d450afd9732188e307d5fde798d62,8671.362390723021,0.0,sidechair1
2026-03-31 05:13:40,day,overall,99,0xbc37414580f0fd76082d68e03a5265db2f662f65,8520.75981389245,26829.751949,yyjjj3838
2026-03-31 05:13:40,day,overall,100,0x2974bd0059e48f215c391882976e0f1b4c8c9c23,8511.319949803208,69306.688518,65765757
2026-03-31 05:13:40,day,politics,1,0x96489abcb9f583d6835c8ef95ffc923d05a86825,94044.19561138283,349738.842891,anoin123
2026-03-31 05:13:40,day,politics,2,0xde7be6d489bce070a959e0cb813128ae659b5f4b,40633.31267480986,0.0,wan123
2026-03-31 05:13:40,day,politics,3,0x5188fa0e8a77e87bc6a58e6781fdfc4e165cc804,36475.406950874516,4150.21,AllByMyseIf
2026-03-31 05:13:40,day,politics,4,0xc851cd9bee7d262afd78674f861f9f576a12cd2a,30097.804104160517,0.0,betwick
2026-03-31 05:13:40,day,politics,5,0xa80e3fe5e7a445fa047fe6de1e27f9a15217b94b,26371.235728989253,31418.785791000002,bin8888
2026-03-31 05:13:40,day,politics,6,0xa022ba0a68e11a78348382ff168601012d4d77f8,20386.6949075585,0.0,yungstalin
2026-03-31 05:13:40,day,politics,7,0x7f9e2d1df78614564a70becc7fa14aa9a6623a0e,18913.042647230322,91599.94635099999,nojnn
2026-03-31 05:13:40,day,politics,8,0xc02147dee42356b7a4edbb1c35ac4ffa95f61fa8,16575.97859681031,32591.029603999996,Eatpraylove
2026-03-31 05:13:40,day,politics,9,0x32b484581fc5606de9c1e43af4636b6be9bc8b21,16524.392130450957,30169.737130000005,0x32b484581fc5606dE9C1e43AF4636b6Be9BC8B21-1774274303653
2026-03-31 05:13:40,day,politics,10,0x88c4919de76e526d55a32c1f8afb439dd1f1129a,16152.705903819297,29605.146028999996,8934394839
2026-03-31 05:13:40,day,politics,11,0xc8ab97a9089a9ff7e6ef0688e6e591a066946418,14764.239987167035,270287.6004809999,ArmageddonRewardsBilly
2026-03-31 05:13:40,day,politics,12,0x7744bfd749a70020d16a1fcbac1d064761c9999e,14585.873917865916,0.0,chungguskhan
2026-03-31 05:13:40,day,politics,13,0xc4d1a863e9cc45d02ba22d3a1ae9ba7822018ce8,13099.300015801506,0.0,rdba
2026-03-31 05:13:40,day,politics,14,0x7c3db723f1d4d8cb9c550095203b686cb11e5c6b,12670.889192511793,147568.96835500002,Car
2026-03-31 05:13:40,day,politics,15,0xbaa2bcb5439e985ce4ccf815b4700027d1b92c73,11747.22621997702,34646.0325,denizz
2026-03-31 05:13:40,day,politics,16,0x1a29b75d4bfb5d62b343e4abdd10b60c0ce19b2e,11531.831072450499,0.0,Casablanca10
2026-03-31 05:13:40,day,politics,17,0x7b02b2bac2a30ed5e40b7094e734f4c3dc2a4991,11443.429071988736,5376.11,foodenjoyer
2026-03-31 05:13:40,day,politics,18,0xe734e7bf7cfb9e464681f71822f6c2f6be514f0c,11092.727938414282,152843.402327,boyau74
2026-03-31 05:13:40,day,politics,19,0xc37c6c989bc5d86b3eb6095020899fedd585cd7e,11071.826965463,0.0,SlotinCapital
2026-03-31 05:13:40,day,politics,20,0x8837e1e25dda73ca2516cc3aaadae7889c55b369,10385.90353009,0.0,jeffy33
2026-03-31 05:13:40,day,politics,21,0x8837e1e25dda73ca2516cc3aaadae7889c55b369,9656.079789291996,0.0,jeffy33
2026-03-31 05:13:40,day,politics,22,0x9182ab8157689aa8fdb58aeca518e3fbed0b3368,8720.539827558,10791.0,0x9182AB8157689Aa8Fdb58aEcA518e3fbEd0b3368-1768191988443
2026-03-31 05:13:40,day,politics,23,0xaba543a9c18d450afd9732188e307d5fde798d62,8671.362390723021,0.0,sidechair1
2026-03-31 05:13:40,day,politics,24,0x00425c692a667981118f679ef68fdc775257321e,8668.581760230016,217.26,99problems123
2026-03-31 05:13:40,day,politics,25,0x777fae71d2ff9ec48a1213d48ba1d9d91024a1bb,8251.424627051114,3744.85,Albert 1953
2026-03-31 05:13:40,day,politics,26,0xf4baccff188321440a1ed01a5d5fd89c3e1f5933,8177.5260189169785,0.0,Treadmilled
2026-03-31 05:13:40,day,politics,27,0x3c5b209601d6cfbbd27e101c96f365c072100584,8057.087857290991,20395.546489,estrume
2026-03-31 05:13:40,day,politics,28,0x9c457266ab710017d211545d0dff6d5a1551cf06,7578.862408432002,0.0,Horheboy
2026-03-31 05:13:40,day,politics,29,0x7c3844ae0cfa28858726be80549fef7b73811218,7485.323203666501,0.0,LTaker
2026-03-31 05:13:40,day,politics,30,0x2974bd0059e48f215c391882976e0f1b4c8c9c23,7428.53823321723,62669.699500999996,65765757
2026-03-31 05:13:40,day,politics,31,0x614dc8d3542c12103d2c6a3553fd761e391d1546,7191.74127734566,48383.761665,mr.ozi
2026-03-31 05:13:40,day,politics,32,0x52b74441def3510e1839eadac7875423c0b54597,7165.941708582006,0.0,MajidJavadi
2026-03-31 05:13:40,day,politics,33,0x6c3b8555aa6bef7ed8197d6e1cf8aae262fa1f54,7088.617665713498,0.0,0x6c3b8555AA6beF7ED8197D6E1Cf8aAe262FA1f54-1772874202592
2026-03-31 05:13:40,day,politics,34,0x6ae06eccd446342f96109e31eb7451383b511472,6954.990564886015,0.0,TraderSDG
2026-03-31 05:13:40,day,politics,35,0xf0d9af9effd0b4a039899901ba19a05ea1a3e4ee,6877.995041425107,0.0,polywog
2026-03-31 05:13:40,day,politics,36,0xe7387473b067235436884d16799777cf279edf65,6744.407929864537,28762.598029999997,Huludubu
2026-03-31 05:13:40,day,politics,37,0xa3d48312c4c35c66752b19670fefbd2f18419969,6709.905930558947,4999.971596,Maratk87
2026-03-31 05:13:40,day,politics,38,0x1e1f17412069c0736adfaadf8ee7f46e5612c855,6543.830180204706,0.0,Brokie
2026-03-31 05:13:40,day,politics,39,0x44c1dfe43260c94ed4f1d00de2e1f80fb113ebc1,6529.764222676167,78171.55427899999,aenews2
2026-03-31 05:13:40,day,politics,40,0x842ac0abb64acddb573b459a8f58f77e123092f5,6470.173442229978,0.0,PowerClaw
2026-03-31 05:13:40,day,politics,41,0x2fadc932219a1244ecf34d7bfa15fe6dbb89f5c0,6424.858652728501,0.0,l3thar
2026-03-31 05:13:40,day,politics,42,0x0af037c59ede5b3b2a6625f23923057d8296d425,6297.062399550003,10000.0,Protruder
2026-03-31 05:13:40,day,politics,43,0xd7f85d0eb0fe0732ca38d9107ad0d4d01b1289e4,6137.484661828959,0.0,tdrhrhhd
2026-03-31 05:13:40,day,politics,44,0xfc2f4f50ce2f6045d35558a5e2d8d4b2ac6610c7,5836.819675822808,49154.105047,0xFc2F4f50ce2F6045d35558A5E2D8d4b2aC6610c7-1769097007451
2026-03-31 05:13:40,day,politics,45,0x83720820a8aa6c3f20ad71850e7a1a17d16c5223,5796.357899641501,0.0,Jsram
2026-03-31 05:13:40,day,politics,46,0x68688ec522468e7f8c4ce4c286017c8c3820a90a,5795.499080937496,0.0,0x68688EC522468e7F8C4Ce4c286017C8C3820a90A-1761046724354
2026-03-31 05:13:40,day,politics,47,0xc6587b11a2209e46dfe3928b31c5514a8e33b784,5711.2922452911735,50555.11,Erasmus.
2026-03-31 05:13:40,day,politics,48,0x96c6740f9b58c5a38c9172147cd6266da06c34a2,5528.722066296032,0.0,just.some.guy
2026-03-31 05:13:40,day,politics,49,0xbb8e6477bcb4d0a79449507c607d36fd228fb243,5496.4837837999985,0.0,Generator
2026-03-31 05:13:40,day,politics,50,0x68c24bf4a8ad4d79a6fe4b8eec6f93a02dfd1711,5495.956002942694,5888.0,mombil
2026-03-31 05:13:40,day,politics,51,0xc5d343df2e64662ca50a4d37333c183e515ad640,5296.399838919999,0.0,polywally
2026-03-31 05:13:40,day,politics,52,0xc8c73a0c6a1dca2a096123759636819426b53726,5222.696735744003,1500.0,Sven68
2026-03-31 05:13:40,day,politics,53,0x12d6cccfc7470a3f4bafc53599a4779cbf2cf2a8,4996.797498033848,0.0,classified
2026-03-31 05:13:40,day,politics,54,0xe25b9180f5687aa85bd94ee309bb72a464320f1b,4961.4069539216,0.0,WordleAddict
2026-03-31 05:13:40,day,politics,55,0x206191d01c411a5b346d11a2df2d463a356b8ec9,4937.35873631,0.0,failstoberr
2026-03-31 05:13:40,day,politics,56,0xa6f8220dfac596335d6b6719f2a2c7b451cc316d,4886.920606953499,0.0,Imbleciar
2026-03-31 05:13:40,day,politics,57,0x4a2be7a7e6e3b41dc2de00706b4c09660ca9af20,4878.638950474226,9999.968045,troim
2026-03-31 05:13:40,day,politics,58,0x510904c9a58f5c5ad799a1b44947077564175e9c,4714.664528730107,147249.084979,Logan.
2026-03-31 05:13:40,day,politics,59,0x997d116630ec7575f81798bf6267096801de5d15,4662.041446351503,9123.11,alternativestrider
2026-03-31 05:13:40,day,politics,60,0x05c611fd744bf70187565444f63c5dc02342d823,4476.601752745,0.0,ASteroide
2026-03-31 05:13:40,day,politics,61,0x223af16a2c4d559f7b957c2fe89e4195ac5e286f,4454.8537997700005,0.0,bitsurfer
2026-03-31 05:13:40,day,politics,62,0xfd2b117412a698f322b0cd18d6827dad262b8e50,4403.38464005632,52062.590000000004,surf
2026-03-31 05:13:40,day,politics,63,0xa8c63f775ddbbe66b56614191747def3021444e8,4355.065577622998,15632.290232000001,Tenebrus7
2026-03-31 05:13:40,day,politics,64,0xa9e64cc5fcda8edc389b1f979922566ff2b91dc2,4317.645128562959,21376.912007,BTCGOOSE
2026-03-31 05:13:40,day,politics,65,0xc84f7e76ec28ef20e7773b7b4926bfb7378be0c5,4299.7947385537045,1564.9,bbbbbbbbbbb6686
2026-03-31 05:13:40,day,politics,66,0xffe9858781cc1f053e7f3a5fd02a0cf6ee0f1599,4209.484237229975,0.0,tanar2007
2026-03-31 05:13:40,day,politics,67,0x11e50ec01d48adc0be2292cb8e2a5fee0369ee4d,4162.2166159150365,0.0,BlueOrchid
2026-03-31 05:13:40,day,politics,68,0x2e4d05beafd81a6e85bc0c6a94820d61ef34f703,4150.838540342993,0.0,woshiLimpeh
2026-03-31 05:13:40,day,politics,69,0xd44e974a3edb232aa4aedbdcc59792b76a5f67e2,4019.6100335802766,9248.379045,KrackenSruster
2026-03-31 05:13:40,day,politics,70,0xd975bd5c9aa08e9cb5729ff8ac0f5b92f4e2a205,3955.5225203289974,33.0,qianmo6
2026-03-31 05:13:40,day,politics,71,0xd1a414051dc93c7ccb52d11d98a151bac3c08178,3953.1143292159977,0.0,0xd1a414051DC93C7Ccb52d11D98A151BAc3c08178-1760363946347
2026-03-31 05:13:40,day,politics,72,0xfd66d7ed45d7962ad009e669cdaec9319e38fb6d,3825.040278182525,0.0,MACBI-23
2026-03-31 05:13:40,day,politics,73,0x5c6e54a0657d0159b993d17470c749dec1bb0617,3796.291680041915,3186.602218,0x5C6e54A0657D0159B993D17470C749DeC1bB0617-1764742279431
2026-03-31 05:13:40,day,politics,74,0x90ed5bffbffbfc344aa1195572d89719a398b5bc,3728.073129268523,0.0,failstober
2026-03-31 05:13:40,day,politics,75,0xb15b740e8437cf9e90160b66587d615a2c8b5215,3660.3894788564994,0.0,harrypotterr
2026-03-31 05:13:40,day,politics,76,0x0a59efd30de508bd0e7e197d4975f7ab49e107dd,3606.595083240012,0.0,0x0A59eFd30de508Bd0E7E197D4975F7aB49E107dD-1768830597495
2026-03-31 05:13:40,day,politics,77,0x971973a7511790f0dac91664112e88c340631cca,3599.986387140001,0.0,nouwar
2026-03-31 05:13:40,day,politics,78,0x4b28a660415bf1d58f358b32fc729dc6b396d19a,3572.2821653400033,0.0,schutzprem
2026-03-31 05:13:40,day,politics,79,0x35bbbad2415fe5e39b12da9a316cdc80b022009b,3416.2629807947087,18964.877915,MisTKy
2026-03-31 05:13:40,day,politics,80,0x56b5aced8b60c4c0cfeb9215132a8eb5395cb0a2,3413.4753410839994,0.0,codyreyes
2026-03-31 05:13:40,day,politics,81,0x848921be10e51b1547d50548a54b38a1778ec184,3273.899777014565,0.0,trevors4
2026-03-31 05:13:40,day,politics,82,0x7bb244d0c70293e66dee84f3d0623fbbbf7d682c,3266.214850165001,4000.0,WongKimArk
2026-03-31 05:13:40,day,politics,83,0x59432fa8141b0ddf25f64c9fc90cdb5672402ef2,3245.3908958585016,237.58,Jerzy
2026-03-31 05:13:40,day,politics,84,0xb10047d6a254b2ebb306d7a7d13bf59171ab6461,3234.574437699921,14822.905343999999,Parz1vaI
2026-03-31 05:13:40,day,politics,85,0xed107a85a4585a381e48c7f7ca4144909e7dd2e5,3217.5668530722614,12147.609999999999,bobe2
2026-03-31 05:13:40,day,politics,86,0xa0926fbc4a90e29e479b459ef92a147ebe5b11e3,3211.667878949498,97.68,G.laila
2026-03-31 05:13:40,day,politics,87,0x43372356634781eea88d61bbdd7824cdce958882,3208.1878181730863,0.0,Anjun
2026-03-31 05:13:40,day,politics,88,0xcb84e2d4354beebe199ab57c5a51e0ee96914fbc,3178.7636957910054,28135.79,qizhan
2026-03-31 05:13:40,day,politics,89,0xcca90a5d3c8f2d6663817e3650d6adbe9ab44c9f,3156.6368468994915,0.0,0xcCa90A5D3C8F2d6663817E3650D6aDbe9aB44C9f-1772395966516
2026-03-31 05:13:40,day,politics,90,0x2a2c53bd278c04da9962fcf96490e17f3dfb9bc1,3097.195735000001,0.0,0x2a2C53bD278c04DA9962Fcf96490E17F3DfB9Bc1-1772479215461
2026-03-31 05:13:40,day,politics,91,0x6bab41a0dc40d6dd4c1a915b8c01969479fd1292,3076.99709839595,0.0,Dropper
2026-03-31 05:13:40,day,politics,92,0xcb59ea1babf3b26ea50088057e427ab0ed8f0a22,3068.246847194938,33785.192451999996,BeneGesseritVoice
2026-03-31 05:13:40,day,politics,93,0x2c4ca29d332c67d3ad7bf22b3cfe9486e3b1cb39,3010.8460106900093,0.0,ololololololololo
2026-03-31 05:13:40,day,politics,94,0x34fc0f4af1a02317d4369c9bbdb4bf3ca65e1efe,2978.6860321720014,0.0,fmog
2026-03-31 05:13:40,day,politics,95,0xa2417925070121ed571d23cb846aebcaa2d745f7,2944.425528124999,0.0,888-168-888
2026-03-31 05:13:40,day,politics,96,0x335592400e402c26583ce8b56d12605e9548a126,2936.5679042025085,0.0,ranger44
2026-03-31 05:13:40,day,politics,97,0x50eb8c6b07e987fbf3b06cd92f571768a3befc67,2931.047348722979,0.0,propescia
2026-03-31 05:13:40,day,politics,98,0xab4f7829405390bf6bf7c7af74159bfc8842552f,2906.778412661506,0.0,Scottp1887
2026-03-31 05:13:40,day,politics,99,0x3af27d251a4d28f9202657eb4bc9f910da085212,2895.3433855517837,1350.239564,N0stradumba55
2026-03-31 05:13:40,day,politics,100,0xaab39f0fd0d73346d0767ba661fb9a503f7202f8,2836.0589608639993,0.0,chienthangphuthong
2026-03-31 05:13:40,day,sports,1,0x03e8a544e97eeff5753bc1e90d46e5ef22af1697,371805.15092126466,509532.225504,weflyhigh
2026-03-31 05:13:40,day,sports,2,0xa71093cafc0c099b4ccab24c3cb8018d817923c4,285198.0120101575,0.0,Talvez10
2026-03-31 05:13:40,day,sports,3,0xe934f2d7d6358c6c86bfdd5848f1e90412e9640b,215719.97358277804,0.0,Feveey
2026-03-31 05:13:40,day,sports,4,0x777d9f00c2b4f7b829c9de0049ca3e707db05143,215122.31884690665,259095.388886,CarlosMC
2026-03-31 05:13:40,day,sports,5,0x1a5c09d9a082aaf2a543b1fc7bce36c41dd8a375,211621.58975353208,0.0,0x1a5c09d9a082aAF2A543b1Fc7bCE36c41dD8a375-1774116788380
2026-03-31 05:13:40,day,sports,6,0x1e7792acc779a6af8304bd7991ff31d16d468c33,210360.60274680797,26480.888977,THEdirkdiggler
2026-03-31 05:13:40,day,sports,7,0x37c1874a60d348903594a96703e0507c518fc53a,201522.08514329093,387943.180066,CemeterySun
2026-03-31 05:13:40,day,sports,8,0x492442eab586f242b53bda933fd5de859c8a3782,150443.9902472729,1861900.667204,0x492442EaB586F242B53bDa933fD5dE859c8A3782-1766317541188
2026-03-31 05:13:40,day,sports,9,0xe34bd584d623f83c5da3d7f2f79b07cb47463b60,134467.6351856301,160502.137765,Sol556677
2026-03-31 05:13:40,day,sports,10,0xfea31bc088000ff909be1dfd8d0e3f2c7ef2d227,114124.24489519997,350934.687016,newdogbeginning
2026-03-31 05:13:40,day,sports,11,0x6ac5bb06a9eb05641fd5e82640268b92f3ab4b6e,110843.52412105241,234783.057825,Lakersfan111
2026-03-31 05:13:40,day,sports,12,0x5bec79df9add70a3892041ab1a5516b60f53b215,89083.04371310805,595938.844041,Suertudo1
2026-03-31 05:13:40,day,sports,13,0xa8e089ade142c95538e06196e09c85681112ad50,80880.72308229207,167234.81513699997,Wannac
2026-03-31 05:13:40,day,sports,14,0x8a3ab8120807bd64a3de48695110e390fa2ceb9a,76266.99138071551,0.0,0x8a3aB8120807bD64a3De48695110e390fa2ceB9a-1771005965025
2026-03-31 05:13:40,day,sports,15,0x177600e5d30062deee4324f3d710e4b445ace557,73473.854905422,0.0,Milkra
2026-03-31 05:13:40,day,sports,16,0xc65ca4755436f82d8eb461e65781584b8cadea39,71080.00000000001,0.0,yesmamaok
2026-03-31 05:13:40,day,sports,17,0x6a72f61820b26b1fe4d956e17b6dc2a1ea3033ee,49593.90347901359,518550.7752849999,kch123
2026-03-31 05:13:40,day,sports,18,0x84dbb7103982e3617704a2ed7d5b39691952aeeb,43844.13676961255,316554.630331,ShucksIt69
2026-03-31 05:13:40,day,sports,19,0x19254b55e7c48e88baab9e62cc218223a6544654,43744.54800000001,0.0,Tmao12345
2026-03-31 05:13:40,day,sports,20,0x32ed517a571c01b6e9adecf61ba81ca48ff2f960,43635.35612971021,396378.89206100005,sportmaster777
2026-03-31 05:13:40,day,sports,21,0xba389f76b0119aed07c53c9029852664bd97e406,42630.06835449901,178.201277,joblessfinalboss
2026-03-31 05:13:40,day,sports,22,0x507e52ef684ca2dd91f90a9d26d149dd3288beae,39175.1356834108,240732.73146600003,GamblingIsAllYouNeed
2026-03-31 05:13:40,day,sports,23,0xf28e42d20e4826f2b10a24bc952001697947cab2,38432.119551392214,295569.813004,ethanaz
2026-03-31 05:13:40,day,sports,24,0xdd92232bcdfbbac04132b3cbacbf32c2e5b16b2a,35142.716584415626,46986.002337000005,Jdhdhduu
2026-03-31 05:13:40,day,sports,25,0xacb206b460a17382a734de8d931cc176307eb989,34645.59339483688,119992.927742,AppleTime67
2026-03-31 05:13:40,day,sports,26,0x37e4728b3c4607fb2b3b205386bb1d1fb1a8c991,34207.612983940984,0.0,SemyonMarmeladov
2026-03-31 05:13:40,day,sports,27,0xa080dadd87036ad01dbf5e9c254b0c3dbdba234f,30397.744320568352,42102.41529700001,bands1
2026-03-31 05:13:40,day,sports,28,0x12ec6d71325afac2b4d25b3de94185e2c48d41ae,28718.269201940435,57808.858332,olegio
2026-03-31 05:13:40,day,sports,29,0xebe5eafdd5caad75be19068cc6dddd83dc21b317,26418.481445360005,0.0,0xebe5eAFDd5CaAD75BE19068CC6dDDD83Dc21B317-1772576511133
2026-03-31 05:13:40,day,sports,30,0x3b5a307f9b679922a105fe9f55013b0d05babb9b,19502.10790574923,68985.65108,Gh0stTradez
2026-03-31 05:13:40,day,sports,31,0xe5f0ae9cc9aef77ae3c2a64c9e69caa3f335dc1d,18632.35923665078,14166.592699,0xE5F0AE9cc9aeF77ae3c2A64c9E69caa3F335dc1d-1773531520731
2026-03-31 05:13:40,day,sports,32,0x2707f2e693b3d20b5a17b603c532571108140afa,16734.4587261072,69642.234627,Predictandbreathe
2026-03-31 05:13:40,day,sports,33,0xd106952ebf30a3125affd8a23b6c1f30c35fc79c,16510.036353997973,0.0,Herdonia
2026-03-31 05:13:40,day,sports,34,0xea2b4224411e723499a803ce3f4758779fb31fc6,16277.265329555492,0.0,Bethooven
2026-03-31 05:13:40,day,sports,35,0xc58df0b98437f613e20916c242403e0a6c009373,16127.649796719546,33332.99636,123abc
2026-03-31 05:13:40,day,sports,36,0x1333540adf87e2f1302d407cda408f41c101173b,16007.011538081502,139.055348,btc-sky2026
2026-03-31 05:13:40,day,sports,37,0xc6ae4cdece4be7f21b747eb11f6eaaa37972afe9,15985.768648950863,20230.246665,RoadTo1MillionUsd
2026-03-31 05:13:40,day,sports,38,0xde9f7f4e77a1595623ceb58e469f776257ccd43c,15960.3218806269,91092.542187,tradecraft
2026-03-31 05:13:40,day,sports,39,0x9d94f602535e518ee1cb6aade0ca9569f1b1017d,14796.599958924111,287142.56924399995,eanvanezygv
2026-03-31 05:13:40,day,sports,40,0xc6b13482e72f656519705d792a1f25587a6c78fd,14164.780000000004,0.0,feliweed
2026-03-31 05:13:40,day,sports,41,0x05f6027ceb5b8db472bb716d3ed574c199118cec,14058.77585483651,0.0,islav900
2026-03-31 05:13:40,day,sports,42,0xd218e474776403a330142299f7796e8ba32eb5c9,14049.471913746922,69552.338835,cigarettes
2026-03-31 05:13:40,day,sports,43,0xd57d76c832674adddd39d9ae1d34cc98c69b80d0,13980.658242373116,52704.652842,Contrariandog
2026-03-31 05:13:40,day,sports,44,0xd6966eb1ae7b52320ba7ab1016680198c9e08a49,13860.413406593674,95933.56579800001,EIf
2026-03-31 05:13:40,day,sports,45,0x3d3d5f8afa1dbaccc08c4ee85f7a5bc0ed9e3165,13789.900198599993,43287.942590000006,0x3d5914877754
2026-03-31 05:13:40,day,sports,46,0x2b15b1cab8917d786e44765002a07a78ee8c9b08,13183.001851900539,37288.736147,BabyLooove
2026-03-31 05:13:40,day,sports,47,0xde0463ea7f611b065e8ab06bbfbddad75e6dfa37,13177.175370082958,214582.24094100008,mwenya
2026-03-31 05:13:40,day,sports,48,0x7d92fd69504bfd391162e1442cb784c0af408676,13118.12691771501,42815.70538199999,mikesports
2026-03-31 05:13:40,day,sports,49,0xbedbc3808d939f1f7c648e11680ac05e77ca3b26,11988.215808165522,24079.480303999997,Random3366
2026-03-31 05:13:40,day,sports,50,0x299f0eb6b685b18fd71ef414f2910be974ee2140,11890.443576916496,207524.96745700005,drunkenmasterr
2026-03-31 05:13:40,day,sports,51,0x9fd2b1fc8a1dfaeb4837c6aa4012a29a218c1c0c,11438.351902191001,0.0,0x9Fd2B1fC8a1dfaEB4837c6AA4012A29a218c1C0C-1761671332295
2026-03-31 05:13:40,day,sports,52,0x8b5239494dd65eed682f0d9f0481ddeae4ff568e,11309.019045248126,33732.241875,0x8b5239494dd65Eed682F0d9f0481ddeae4ff568E-1773867165799
2026-03-31 05:13:40,day,sports,53,0x56280cd4cf8f902b3971338ddb04038e9dbfabbc,11236.0658901945,26606.230000000003,Po1yamory
2026-03-31 05:13:40,day,sports,54,0x223fb39cdb365b469523aff98ccef4e3bc072050,11164.185121342838,49267.170553,0x223
2026-03-31 05:13:40,day,sports,55,0x842ac934cfff1467f27c167c42c318001e407422,11094.927540854864,20140.345761,ChompChomp888
2026-03-31 05:13:40,day,sports,56,0x8dd10e3a2570d3d62440f0e7f988aff7223f5a9b,10818.676033408206,1897.440506,missadventure
2026-03-31 05:13:40,day,sports,57,0x8718865882e085b764825b637788043c16185040,10773.814689636354,47525.15545,hurrican
2026-03-31 05:13:40,day,sports,58,0x339a0e5aea39a7db5cea5b0003abab33c78c1eae,10395.342453932419,5000.0,Tokidoki
2026-03-31 05:13:40,day,sports,59,0x0eb75bf6f54794a83bd26095811f30b530161f17,10304.950558045239,94224.462001,elshark206
2026-03-31 05:13:40,day,sports,60,0x410d2faa635fbfede53aa4d871863d85a397d831,10229.222346438008,41534.41679,0x410D2faA635fBfEDE53aA4d871863D85a397d831-1773235492914
2026-03-31 05:13:40,day,sports,61,0xdc876e6873772d38716fda7f2452a78d426d7ab6,10167.960125823505,0.0,432614799197
2026-03-31 05:13:40,day,sports,62,0xc49fe658479db29e1a2fefebf0735f657dca9e05,9650.06116204505,8000.0,vibebettor
2026-03-31 05:13:40,day,sports,63,0xfce17e0395c790ad16f5a0b7fea062120f8e9ce7,9425.63328995739,5408.225792000001,K9O
2026-03-31 05:13:40,day,sports,64,0x685d793fd1f87a05716d14154eac45fca17122d6,9332.931123416143,5378.879104000001,mvpchipper
2026-03-31 05:13:40,day,sports,65,0x6b9088be3898f1bcb7add8a174bdf1c7295c2194,9233.697110837005,2565.0,banepir
2026-03-31 05:13:40,day,sports,66,0x6165eea4a70294502eaafe6a6abdcfae35c8db3c,9207.665909830233,359.259258,0x6165EEa4a70294502EAafe6A6abdCFAE35c8Db3c-1763787021961
2026-03-31 05:13:40,day,sports,67,0x1eaf5d5f822dc5211c25b5839e5b7aa70f319bf0,9099.487310376542,46333.079606,LYnetLY
2026-03-31 05:13:40,day,sports,68,0xa5f61cec2cd710d0e6b300f548b3d1cf91c1a659,8967.325201739026,14699.985240000002,JonDomino
2026-03-31 05:13:40,day,sports,69,0xc46368a3374e87566eff1ffae7e6ec0163509a2f,8878.49418423309,22908.250160999996,NewTeamSosed2
2026-03-31 05:13:40,day,sports,70,0x412fe1a101554f0b382181c3af932e4b2d8030fa,8744.872363450342,24073.521881,GrizzliesSuck
2026-03-31 05:13:40,day,sports,71,0x1ba1bb6aa2490adbbbbb314bc07ff21a8cc71ce4,8705.899284575004,0.0,0xBigSun
2026-03-31 05:13:40,day,sports,72,0xc257ea7e3a81ca8e16df8935d44d513959fa358e,8641.373139731906,305197.99291000003,YT-JuicySlots
2026-03-31 05:13:40,day,sports,73,0xbc37414580f0fd76082d68e03a5265db2f662f65,8520.759813892486,26829.751949,yyjjj3838
2026-03-31 05:13:40,day,sports,74,0xe1a24206ed13433b70c603424c8a616b691d14b8,8396.797746324999,13910.818841,sss.tier
2026-03-31 05:13:40,day,sports,75,0x7b47a31c97e22de4d7af4a07365545cbc5aed615,8384.194284793033,0.0,0x7b47a31C97E22de4d7af4A07365545cbC5aEd615-1761165835789
2026-03-31 05:13:40,day,sports,76,0xd604a7491c5446022218bb628a952d763f5bee57,8004.684236426132,25105.333383,o5553552
2026-03-31 05:13:40,day,sports,77,0x558f2f82cf0394c28ce3c8e117ee747aeab51a56,7988.442075907042,57913.28033,LesterDiamond
2026-03-31 05:13:40,day,sports,78,0x2652dd1140c3b9e69c8852264cf8dbe727672a1d,7981.323842326645,246923.73568899996,Punisher2022
2026-03-31 05:13:40,day,sports,79,0x9f138019d5481fdc5c59b93b0ae4b9b817cce0fd,7876.038398470962,8522.513543,Bienville
2026-03-31 05:13:40,day,sports,80,0x92d8939d2f2503fb196ce25a6f3a9167f17c0924,7836.679725374963,26384.194063,wanlishou
2026-03-31 05:13:40,day,sports,81,0x7a8885c8dc075f0578b648f29fa233408a7d41cc,7708.43157458424,93585.090845,stackingsats
2026-03-31 05:13:40,day,sports,82,0x6e82b93eb57b01a63027bd0c6d2f3f04934a752c,7703.354689887725,0.0,DLEK
2026-03-31 05:13:40,day,sports,83,0x65d6bcf7ecf451d5c0d669ea1e0e8992907b6d6b,6988.306950559035,22484.622395,hs666
2026-03-31 05:13:40,day,sports,84,0x65575d8be8c812a864d460a7cef1c213828c0999,6940.69446911,5728.0,0x65575d8BE8c812a864D460A7cEf1C213828C0999-1770900571940
2026-03-31 05:13:40,day,sports,85,0x5fea774d3548a44d48452e868d7faf0c860078b1,6746.779565212597,68364.74367299999,CurbFlayer
2026-03-31 05:13:40,day,sports,86,0x5bac37ae4b985011e34862ec14c3ae72ebbf8769,6745.745037691999,0.0,0xBumblebee
2026-03-31 05:13:40,day,sports,87,0x8b1f13dcdb35081358f23414de9d33f29ca6eac0,6689.788524000501,0.0,bookxiu
2026-03-31 05:13:40,day,sports,88,0xe66e0b9b72a3439cd87fa259451c7d11b5d3abdd,6479.108435398506,32573.810443000002,ppcap
2026-03-31 05:13:40,day,sports,89,0xafafeebd1d3b9c3391099aa3db30c75ca77d1635,6463.783720898511,48946.19756,rn234
2026-03-31 05:13:40,day,sports,90,0x972bf37cae72a169e17ae0e6179821d5778b78ba,6462.104710135318,70804.64207599999,k-maniac
2026-03-31 05:13:40,day,sports,91,0xb3cfe7615d64db8dfa743a1b1a2b976911460ebd,6354.098772803598,343608.78068800014,omoi0i0
2026-03-31 05:13:40,day,sports,92,0x843630d1b37be01868022d153ef1959dfcef4c19,6345.0,0.0,thewanderingearth
2026-03-31 05:13:40,day,sports,93,0x478e6032636bb01439dc8390381a49a7955e0c83,6281.763439585499,4000.0,xiaoxiongxiong
2026-03-31 05:13:40,day,sports,94,0xfeaa80d33b824e64b201ce7d27500795385d2ddf,6199.300652463,0.0,Yarrowfielda
2026-03-31 05:13:40,day,sports,95,0xe5241830e8876c115d7dc8311ad9f43d85fdd34f,6188.249999999476,0.0,Sportbetting76
2026-03-31 05:13:40,day,sports,96,0xa1157d78ce71730af83c71701eb48ad843306c5a,6163.95282255731,29198.472335,yesirrrree
2026-03-31 05:13:40,day,sports,97,0xeb8ed14f8b83fad23c2099c15352ba48b10d34ce,6099.984310495001,0.0,qqwwe23
2026-03-31 05:13:40,day,sports,98,0x23c8a4c266d10ba5846837eac391fea89ed6f293,6083.3116011331,41013.640719999996,Netrol
2026-03-31 05:13:40,day,sports,99,0x3c1563386939d9b5f3d188817658b88aa2a335ae,5822.482317957503,0.0,rajesh88
2026-03-31 05:13:40,day,sports,100,0x690248548fe49af19a6e1120d0595f3fdaebb4ca,5801.612900536456,0.0,Partyarty91
2026-03-31 05:13:40,day,crypto,1,0xf1bb842abe5723be4d2643ab1720d962d115c2da,23366.670896692845,247845.252468,wkfendfkd
2026-03-31 05:13:40,day,crypto,2,0xe1d6b51521bd4365769199f392f9818661bd907c,11910.749083694463,426376.32246199995,0xe1D6b51521Bd4365769199f392F9818661BD907
2026-03-31 05:13:40,day,crypto,3,0x8c901f67b036b5eebab4e1f2f904b8676743a904,9091.643078547186,34037.484349,Marketing101
2026-03-31 05:13:40,day,crypto,4,0x35b9ccea0c97a30db1842dc8b9792df68c7ac5d0,8189.503198039495,22998.348060999997,JustOneMore
2026-03-31 05:13:40,day,crypto,5,0x04283f2fef49d70d8c55ab240450d17a65bf85b1,5897.108697567601,332197.181245,0x04283f2Fef49d70D8C55ab240450D17A65bF85b
2026-03-31 05:13:40,day,crypto,6,0x3a847382ad6fff9be1db4e073fd9b869f6884d44,5499.515563941095,189723.79696200002,0x3A847382ad6FfF9be1db4e073FD9b869f6884D4
2026-03-31 05:13:40,day,crypto,7,0x8a181a656f089ad649d4500a67c4a94cc25abc9d,5439.959678570187,54687.78,BlueCactus7
2026-03-31 05:13:40,day,crypto,8,0x252d7bae5ec87553dcafb23e275c202ac0d3c456,5305.671238066789,8678.913056,getbipped
2026-03-31 05:13:40,day,crypto,9,0xc58db068d72cf90b762039918e540ef6d96805d6,4583.0281943329355,62276.53270399999,fwefdsfew
2026-03-31 05:13:40,day,crypto,10,0x388537259dc9e693c1c9b96fdf07a63f6b7aca77,4560.195615689096,28914.089892999997,easypredict
2026-03-31 05:13:40,day,crypto,11,0x6e1d5040d0ac73709b0621f620d2a60b80d2d0fa,4379.157265234357,268220.93000299996,0x6E1d5040d0ac73709B0621F620d2a60b80d2D0F
2026-03-31 05:13:40,day,crypto,12,0x8b67d5639f94dcfb795151514eceeac547aead09,4296.291121938717,26552.944457999998,0x8B67d5639f94DcfB795151514EcEeAc547aeAD09-1764862685149
2026-03-31 05:13:40,day,crypto,13,0x5c4600b33a02adf80dd07d6853f0c59e8d9e753d,4245.874088209675,64191.966183,YAT0RO
2026-03-31 05:13:40,day,crypto,14,0xb6fef4c2c436ab8bbf07d017952e851dcf717394,4066.1840656971167,51371.346714,0xb6fef4c2c436ab8bbf07d017952e851dcf717394
2026-03-31 05:13:40,day,crypto,15,0xb0774ddb6b11b4bd402598c007bdf7d4609874d3,4045.6004174880027,0.0,0xb0774ddb6b11b4bd402598c007bdf7d4609874d3
2026-03-31 05:13:40,day,crypto,16,0xb27bc932bf8110d8f78e55da7d5f0497a18b5b82,3898.5607527120155,839482.5743139999,0xB27BC932bf8110D8F78e55da7d5f0497A18B5b82-1772569391020
2026-03-31 05:13:40,day,crypto,17,0xf97eaefa3f884d713d86e0a071127997cd970034,3629.0332674999954,0.0,rekt-prediction
2026-03-31 05:13:40,day,crypto,18,0xd26a07185f9075c541dc085e47c9bcbe9c8cc5ea,3326.717398060019,32632.990000000005,addyfizzle10
2026-03-31 05:13:40,day,crypto,19,0x3d7ad5b119dda8802b3bcf107d0c7ab7292bccbf,3197.0659777170004,0.0,strongpolyy22
2026-03-31 05:13:40,day,crypto,20,0x885278f0e304bc2d53f805af2ab779cb6011c569,3068.2543785782764,46359.895396,gabigol
2026-03-31 05:13:40,day,crypto,21,0xe9c6312464b52aa3eff13d822b003282075995c9,3053.547605030355,44379.02035399999,kingofcoinflips
2026-03-31 05:13:40,day,crypto,22,0xeebde7a0e019a63e6b476eb425505b7b3e6eba30,2932.9943677402625,423871.552623,Galindrast
2026-03-31 05:13:40,day,crypto,23,0xcc500cbcc8b7cf5bd21975ebbea34f21b5644c82,2860.7284945019055,33650.718352,justdance
2026-03-31 05:13:40,day,crypto,24,0x46a4e87809b8162e74115cedd91521d61a4be62f,2688.5247778853363,60806.068506,CasterLos
2026-03-31 05:13:40,day,crypto,25,0xc1737e2db2d19e0b73a958ecd5d0f279d0e726ee,2680.046368421128,248367.6871370001,GoodRecipient
2026-03-31 05:13:40,day,crypto,26,0xe29042f5d913dcc4015aab3455c13c58514ca33f,2585.345357280761,318911.870788,stepahead
2026-03-31 05:13:40,day,crypto,27,0x8888a4f8c8d3834482d77405530d7f5428a40b39,2274.659321891286,30530.972096999998,0x8888A4F8c8D3834482d77405530d7f5428A40b39-1769323876037
2026-03-31 05:13:40,day,crypto,28,0xba679ab701e6162cc2c932b8b498124f47394727,2255.653722809042,67750.18122800002,0xba679aB701E6162CC2C932b8B498124F47394727-1774328661530
2026-03-31 05:13:40,day,crypto,29,0x31393e2f8333d4a6e2e31ca6424defe8b6cb9e2e,2182.197637091813,115905.922452,hot-garbage
2026-03-31 05:13:40,day,crypto,30,0xe0229e10a858860218b6132f4234602c47bd6603,2126.9113020000077,148559.78999999998,JetFadil
2026-03-31 05:13:40,day,crypto,31,0x13f0bcec1e2e60ec9acc3bee4d2da2fe9694a50f,1964.2921000000015,15143.250000000002,0x13F0Bcec1e2E60EC9acc3bEE4D2da2FE9694A50f-1774334442364
2026-03-31 05:13:40,day,crypto,32,0x0d05acd6baaa8ea1fac50ab74a7679ae6f534518,1843.3709447323054,31028.608246999993,MtStol
2026-03-31 05:13:40,day,crypto,33,0x424eb20fcd25113e3b98f42522a54580350b263b,1793.2608762787531,88600.65357600001,0x424eb20Fcd25113e3b98f42522A54580350b263b-1774330621025
2026-03-31 05:13:40,day,crypto,34,0xb60baee6cd3a36c544a85ef426edbd1b61a3fb2c,1782.6170189156546,56078.714448,Dramabeans
2026-03-31 05:13:40,day,crypto,35,0x1b81e43f89aa663b93c641ea2ecdc12064ccd8e3,1742.8758547232228,8213.820033,Superflux
2026-03-31 05:13:40,day,crypto,36,0x16d940bb8e255d3e7dde6e2e4a339554670ff905,1713.5237794353206,229819.47367700003,addictedtolosing2
2026-03-31 05:13:40,day,crypto,37,0x32835f17fbda571f0f02c0a3bf0a6f94d60a1da9,1710.962700548509,0.0,SBFfromprison
2026-03-31 05:13:40,day,crypto,38,0x55be7aa03ecfbe37aa5460db791205f7ac9ddca3,1709.0599988618633,2781.689565999999,coinman2
2026-03-31 05:13:40,day,crypto,39,0x1465b79bff7992bc703e1aafb3683b1089647072,1669.8325877335046,0.0,0xPMN
2026-03-31 05:13:40,day,crypto,40,0x6fdc687773d4ba8753ea406f4eb2a403051a953f,1662.7082712875272,55046.262753,purple-lamp-tree
2026-03-31 05:13:40,day,crypto,41,0xbf8d2192f319af779e87899b847017096bc7c93a,1656.5788155888022,198603.880368,vnpspa55
2026-03-31 05:13:40,day,crypto,42,0x21d0a97aac03917e752857a551bbe5103a00e8d7,1634.2743020007708,38756.337206,PBot-6
2026-03-31 05:13:40,day,crypto,43,0x35cd0eed863ffdbfe199f1287f31cce184609fa9,1624.0791641198666,11793.590122,change-me-later
2026-03-31 05:13:40,day,crypto,44,0x9629804e001a60ebe8a289a334ccf2e5553aee15,1562.2508095042485,12557.817091,turaxmaniac
2026-03-31 05:13:40,day,crypto,45,0x993f451b6d5c21996b1bf688493cea9c4c823ee3,1498.1055569219752,11.870000000000001,hitjnn214
2026-03-31 05:13:40,day,crypto,46,0xba4ac793e68eacb93b41566137f25757656a9fa6,1487.2867018199995,0.0,bdsg1004
2026-03-31 05:13:40,day,crypto,47,0xa82afc3751a2e58ec985989eb7d51b3f0f179055,1480.2890863548819,0.0,0xa82afc3751a2E58Ec985989eb7d51B3F0F179055-1772382184810
2026-03-31 05:13:40,day,crypto,48,0x372e593fa57bed5525c41692d616be5555b54453,1452.2618937571679,61164.854362000005,Poln
2026-03-31 05:13:40,day,crypto,49,0xef104cc70851a4246e8e06790d7fad9708190b43,1417.4582904747804,6765.94161,fiankee
2026-03-31 05:13:40,day,crypto,50,0x67ae544746f94f6787878eaaa9c60b5804490f0a,1404.6560155999982,0.0,Baderbet
2026-03-31 05:13:40,day,crypto,51,0xb6e9b13eff71f87342e8baeff56ae2afb3b53008,1386.4472174942493,39209.036266,altsi
2026-03-31 05:13:40,day,crypto,52,0xac9da01c8c184853fde55d50009fd85af3a91687,1379.3660340300012,0.0,unbrokenheart
2026-03-31 05:13:40,day,crypto,53,0x5bde889dc26b097b5eaa2f1f027e01712ebccbb7,1319.8809524080862,161318.680629,delta99core
2026-03-31 05:13:40,day,crypto,54,0x7cde9cc2fc1ff9556b5167aaaa6fc5b3ce0ab97d,1318.5004789800005,0.0,allen114
2026-03-31 05:13:40,day,crypto,55,0x674b949283ea2eb33c2cad519a3e2f26b3144f07,1315.0856445009558,37758.405526999995,para888
2026-03-31 05:13:40,day,crypto,56,0xe8f9d45a0b9dccc1addd9400f5951d7e209177e8,1313.973970477457,2994.954332,BuyNHold
2026-03-31 05:13:40,day,crypto,57,0x01b739b360d3c2f6cc8ec84cda900d48650e2eca,1310.4893099999972,32580.0,eeveee
2026-03-31 05:13:40,day,crypto,58,0x42861b2fa5afb1934375d8aeea9991750e816dba,1308.4599105341913,25527.932532999996,ponymarketsucks
2026-03-31 05:13:40,day,crypto,59,0x62ef31bacfd0102767ec95a8e5cac8b7ec0b1f02,1259.3931444386249,5517.456630000001,Pardeep13
2026-03-31 05:13:40,day,crypto,60,0x52d8da46bcc56e3d9f9b2099ad16904fb0b599ae,1250.1206752500002,0.0,0x52d8da46bcc56e3d9f9b2099ad16904fb0b599ae
2026-03-31 05:13:40,day,crypto,61,0x0b97ea3d3ed3fd6d8b3d44749fa34721cfc4e4f1,1244.4128672347724,24444.273744000002,ElonMuusk
2026-03-31 05:13:40,day,crypto,62,0x02cbb58a0e9e42e9ab91e9c8ee34ce116510010f,1243.4539541397487,29772.22225,llqh1691e
2026-03-31 05:13:40,day,crypto,63,0x2e4d05beafd81a6e85bc0c6a94820d61ef34f703,1242.283392198995,0.0,woshiLimpeh
2026-03-31 05:13:40,day,crypto,64,0x54ace5f215fbe8e925b259fedbf801b2ce03ce40,1240.417070170757,23086.977638999997,0x54AcE5F215fbe8E925B259fEdbf801b2cE03CE40-1771443414815
2026-03-31 05:13:40,day,crypto,65,0x6fc44ec445d73c635ae9029cdaff52f8eb62c89d,1213.533000000003,9407.140000000001,0x6fc44EC445D73c635ae9029CDaFf52F8eB62c89D-1774334469194
2026-03-31 05:13:40,day,crypto,66,0xfed8ff0b541ce9a66d632aedebe81bdd1b2c4388,1210.79187394552,0.0,JudgeLance
2026-03-31 05:13:40,day,crypto,67,0xd13117bc9249fa3f8aafb8dfa423d3110e99bffb,1204.5603152250014,0.0,0xD13117BC9249fa3f8AafB8DfA423D3110e99BFfB-1774149253983
2026-03-31 05:13:40,day,crypto,68,0x2d8b401d2f0e6937afebf18e19e11ca568a5260a,1199.8480585076613,128567.82661799999,vidarx
2026-03-31 05:13:40,day,crypto,69,0xf2f6af4f27ec2dcf4072095ab804016e14cd5817,1171.684088759066,0.0,gopfan2
2026-03-31 05:13:40,day,crypto,70,0xe833e01ddac23548ba6c03ff1704f3d3019169e1,1169.1651667000147,29507.403525999995,Froster789
2026-03-31 05:13:40,day,crypto,71,0x4582c77130a649d807fac08fd455615f851a8fa2,1142.0761990054634,52895.425813999995,angry-bagel
2026-03-31 05:13:40,day,crypto,72,0x9f0cce072d75c6cdd97db6f286a527f1dd45749b,1117.8442499300036,0.0,0x9F0CcE072d75c6CdD97db6F286a527F1dd45749B-1766436148508
2026-03-31 05:13:40,day,crypto,73,0xf38190909d9f72d4d3274dc5fa51ad8e42ca2b5d,1116.6999416355393,32080.898853000002,0xF38190909d9F72d4d3274dC5fA51Ad8E42CA2B5D-1770314588331
2026-03-31 05:13:40,day,crypto,74,0x1dd17e22aaf80db74706d3771843aeba576fc5eb,1112.259103849814,50590.52277299999,light-fox
2026-03-31 05:13:40,day,crypto,75,0x536be02af900fe046fa708c8059c04f737a2cee3,1099.199012999994,68879.98,fill-or-fok-me
2026-03-31 05:13:40,day,crypto,76,0x9cff53f2c533481cb670512cb368e717145b3abd,1086.14924825,1738.4700000000003,0x9cff53f2c533481cb670512cb368e717145b3abd
2026-03-31 05:13:40,day,crypto,77,0x7762323b403fcbb30a6f72e8548b2df60fce1db4,1085.9504547700003,6584.98,Dwvtc
2026-03-31 05:13:40,day,crypto,78,0xa66c20d2dcc15cd2d14766a53295cea11406f291,1078.8229576150006,0.0,hahahahaa
2026-03-31 05:13:40,day,crypto,79,0x8765c3958f197348d7eeaf4067ab586a0e699cdb,1071.3789192143558,238422.54833299998,buttonAllergy1
2026-03-31 05:13:40,day,crypto,80,0x4b188496d1b3da1716165380999afb9b314c725f,1029.3356749750092,81881.768522,blue-walnut
2026-03-31 05:13:40,day,crypto,81,0xacca825411d27afc16e2ac3237efeefbb8b108b1,1020.0279074149998,0.0,satoshiua
2026-03-31 05:13:40,day,crypto,82,0xa1a692bdce9954beaa1aea2400ef1884e59f41d0,1019.5735924872797,26429.91895,cpt.Picard
2026-03-31 05:13:40,day,crypto,83,0xd561abcd133d8277493fd8bd92637124ac9c9b7b,1008.2559677250028,0.0,andrez
2026-03-31 05:13:40,day,crypto,84,0x751a2b86cab503496efd325c8344e10159349ea1,990.9723145366879,25486.145999999997,Sharky6999
2026-03-31 05:13:40,day,crypto,85,0x7cd2f2e87395e8be53a7a006caf09baad9603079,990.7977133127297,124252.050357,dotProduct66
2026-03-31 05:13:40,day,crypto,86,0xcaca1eca395d72422b315b53867e1742f60fa0b6,989.9115684318477,10604.253320999998,stan.re
2026-03-31 05:13:40,day,crypto,87,0x9593b43f5240fab71f8852a81c64b4f516cc329d,981.552658442045,2276.434195,JohanTracvsd
2026-03-31 05:13:40,day,crypto,88,0x0aefdd2365c50060a276cbd2832931d32355e9a1,981.230451720495,2534.913997,0x0aefdd2365c50060a276cbd2832931d32355e9a1
2026-03-31 05:13:40,day,crypto,89,0xf7b9894f27fc6e0aed9c38440b0efd921aa655b4,975.6830055755736,10021.500240000001,dolladollabillzyall
2026-03-31 05:13:40,day,crypto,90,0x10941818c926fa874487723437af10c38d8b6aec,974.5195698819994,0.0,abababba
2026-03-31 05:13:40,day,crypto,91,0xb3765375b2b537567ed64f9732fd1470efbcea30,964.0865167136526,45557.19616600001,0xb3765375B2B537567ED64F9732fD1470EFBCeA30-1774344389586
2026-03-31 05:13:40,day,crypto,92,0xcb15489ebdbe6c0e48e2b2efb0f5ab23d62401c6,951.2311320675992,58368.954976999994,0xcb15489ebdbe6c0e48e2b2efb0f5ab23d62401c6
2026-03-31 05:13:40,day,crypto,93,0x960a8767429a920882154ec97d1135a7e5f8ed7a,942.6462809186087,12946.573883000001,baracuu2
2026-03-31 05:13:40,day,crypto,94,0x8e15f0f862a8fd540373092e37626a5a2254b101,934.2432171621194,16412.254365,vedaresearch3
2026-03-31 05:13:40,day,crypto,95,0x575589f7f36e0227f1b92e33ed0663cc3850473c,932.9285471725016,0.0,Korath
2026-03-31 05:13:40,day,crypto,96,0xd189664c5308903476f9f079820431e4fd7d06f4,924.921777062933,175077.424773,rwo
2026-03-31 05:13:40,day,crypto,97,0x55e2436d747835c7e40b0c6cf92f632bf1215fc9,920.4615500000018,5881.0,Rhabarberbarbarbar
2026-03-31 05:13:40,day,crypto,98,0x927f7694de44d19a72bce76254e628d1c141d215,918.5423606869908,35586.352493000006,baloneigh
2026-03-31 05:13:40,day,crypto,99,0x61563d8d9e17b0d6076a1a50a2f647c7746d979f,917.3282822799993,0.0,wanwaner
2026-03-31 05:13:40,day,crypto,100,0xef29595ad647e5603441373c8de1af96c37958f8,909.6131559999999,10519.937059000002,0xef29595ad647e5603441373c8de1af96c37958f8
2026-03-31 05:13:40,day,finance,1,0xd058d668771b6f4d0f8ee4c345089e369d98c532,5722.5,0.0,niki34
2026-03-31 05:13:40,day,finance,2,0x0dc28c814145233602aaa5ff1bfc2e782d02236b,4760.718499999999,0.0,juak
2026-03-31 05:13:40,day,finance,3,0xc12a9983721b113e545a6a0edfb4ad5096bbdc73,3970.8774044247575,3290.033332,BlackswanHunter
2026-03-31 05:13:40,day,finance,4,0xa3d48312c4c35c66752b19670fefbd2f18419969,3126.8512796024993,0.0,Maratk87
2026-03-31 05:13:40,day,finance,5,0x1ee0bc5ffcaaec17d2a1eb93937d36208d8a2dbb,2370.0,0.0,wtde
2026-03-31 05:13:40,day,finance,6,0x70a9e5e6c57c3cb20f52523ccb49a1145bcc6a74,2250.8841299999995,0.0,unco
2026-03-31 05:13:40,day,finance,7,0xc8ab97a9089a9ff7e6ef0688e6e591a066946418,2052.145328914092,8515.099999999999,ArmageddonRewardsBilly
2026-03-31 05:13:40,day,finance,8,0xb2cd99ff5ad8f27c781e54e854ab1b2ab1afc187,1880.0571984,0.0,vicks
2026-03-31 05:13:40,day,finance,9,0xe617861a96631d7cefdb1ad43e95c33b5946f251,1190.6328420140271,1682.094166,0xe617861a96631d7cefdb1ad43e95c33b5946f251
2026-03-31 05:13:40,day,finance,10,0xeadf5963682dd237184f484da138ce74bfec26ef,1154.2541945075,0.0,0xEaDF5963682Dd237184F484DA138ce74bFeC26eF-1768801372213
2026-03-31 05:13:40,day,finance,11,0x54a598106e0467dacc1a4ced3909582f72aaee3d,1116.2150613525,0.0,0x54A598106e0467DaCc1A4cEd3909582f72aAEe3D-1723093936269
2026-03-31 05:13:40,day,finance,12,0x40471b34671887546013ceb58740625c2efe7293,1024.3591175392767,264.612172,Frank0951
2026-03-31 05:13:40,day,finance,13,0xb15b740e8437cf9e90160b66587d615a2c8b5215,921.8386254853009,2019.934901,harrypotterr
2026-03-31 05:13:40,day,finance,14,0x657bbe664d7b565baf4a4d6aff19e4cac14e3992,845.6869841000005,0.0,doe.john
2026-03-31 05:13:40,day,finance,15,0xbf5dfa33f94e80f7649fa94a81ab8465d65c6e7d,688.2265759093125,3292.825407,0xBF5DFa33F94e80F7649FA94a81Ab8465d65C6e7D-1765458383511
2026-03-31 05:13:40,day,finance,16,0xb187a6fae3d0b60108f13006359dded4d15944a9,672.362740300001,0.0,Cptrade
2026-03-31 05:13:40,day,finance,17,0xdefebc7ed6f5d6e8710398f37eea6fc1746a17f4,618.4091244274168,3424.033332,e25247f2da2a2462f03c936c379b7ab0
2026-03-31 05:13:40,day,finance,18,0x90c23cb846d4c78b59096bae855161d92ea28c24,575.6575794973469,12042.713029000002,cryptothan
2026-03-31 05:13:40,day,finance,19,0x8ce440b976c3447b5f7ca577c4c6c756c27336a6,569.8040488232521,1832.0418300000001,retry-now
2026-03-31 05:13:40,day,finance,20,0x2974bd0059e48f215c391882976e0f1b4c8c9c23,564.9096111492181,3755.919253,65765757
2026-03-31 05:13:40,day,finance,21,0x7f0f780b9eceeb62d5c28e5e61859394a8384f31,556.955697444324,502.306047,Maraq
2026-03-31 05:13:40,day,finance,22,0x993c072519306017fe9a6b3ee6fa4a02b3056787,509.98118042010526,2587.356192,Jep-G
2026-03-31 05:13:40,day,finance,23,0x928392b42b850498e843058557a5752130d5449d,477.85000000000014,0.0,monadtoken
2026-03-31 05:13:40,day,finance,24,0x28b978fc65ad03b5d71e4cc4cd558d54bcd4a995,469.7513498449998,500.0,tangora
2026-03-31 05:13:40,day,finance,25,0x7f9e2d1df78614564a70becc7fa14aa9a6623a0e,462.79458206000106,1000.0,nojnn
2026-03-31 05:13:40,day,finance,26,0xe05655e23c0be00824c119ff0bdb69b5d7ac8120,439.08725999999933,0.0,nubet
2026-03-31 05:13:40,day,finance,27,0xcfce2a14ab7a79a76ce11ce035e8b0c8804280c7,426.7461934699995,19.35,LeechLord
2026-03-31 05:13:40,day,finance,28,0x8929a63143fba9416c8e0d3c96388b429c47733e,426.3608907155608,847.4300000000001,rocky42025
2026-03-31 05:13:40,day,finance,29,0xd11f1b638acfb2b1ce7127cb41763388612b70f4,373.09231825049847,0.0,0xD11F1B638aCFB2b1CE7127CB41763388612b70F4-1773466463535
2026-03-31 05:13:40,day,finance,30,0x6300bdade02dd69388ad3d69af19e113958abd20,367.5759537249999,0.0,robipitt4
2026-03-31 05:13:40,day,finance,31,0x18312d2a617106b6f3b9d828ffe2247a89a2ae73,360.0225000000064,0.0,0x18312d2a617106b6f3B9D828FFE2247a89A2aE73-1772799130715
2026-03-31 05:13:40,day,finance,32,0x9def9524630e31ff90f884eed32c3eecfbf8d1a5,349.58029411000007,0.0,pbshine
2026-03-31 05:13:40,day,finance,33,0x7dd0ef80b582891d0961ec9cfc65a4d8cae12b4b,340.0373396140003,0.0,horatio
2026-03-31 05:13:40,day,finance,34,0x7e01fb9dece74b0031696fe104fbcce421cc63be,332.77651729750096,115.486176,KTKK
2026-03-31 05:13:40,day,finance,35,0x69b9a231e6d9e8a1be243e3db5174203a33f1284,330.5446568399999,0.0,Croesus1
2026-03-31 05:13:40,day,finance,36,0x969fae0a3a93778adc42178f72c612ed8c4e4d55,328.1447043513763,0.0,superstonksbro
2026-03-31 05:13:40,day,finance,37,0x1f85e6e3e41e5f1fe03f6cf22a52ae4e352ea51b,311.14230290999876,0.0,VibeyQuant
2026-03-31 05:13:40,day,finance,38,0x7789c218a7641a0c5b495067082b2c9ace2aa2ce,301.87164708989076,2484.725418,yourQuantGuy
2026-03-31 05:13:40,day,finance,39,0x23415ad0f4867d412d5d10e564d62f7938573535,296.59290329449686,0.0,GEMBLER
2026-03-31 05:13:40,day,finance,40,0x5b9115312cb4fc2b2b57c65045e611092f222709,288.426719512001,0.0,x26
2026-03-31 05:13:40,day,finance,41,0x8f13db915cca106e6330e8a39996c0a875d8daae,287.8785765533506,1634.9911659999998,rocky42019
2026-03-31 05:13:40,day,finance,42,0x40f2af133a386614e7a2bb33dbf52f8ec150315f,280.16566841999884,0.0,JimBobBoi
2026-03-31 05:13:40,day,finance,43,0x52268b0618c21a3c1ccbec2b110b1ba6c8338554,265.40782768799954,0.0,west77
2026-03-31 05:13:40,day,finance,44,0xb764e0819fc54da84e82749c441716bf045451dd,258.7902271449998,0.0,0xb764e0819Fc54dA84E82749c441716bf045451dd-1766398281704
2026-03-31 05:13:40,day,finance,45,0x54fde20fa60e932fc480071e05695b42caa94ac3,253.85801407500003,0.0,vimtodcs
2026-03-31 05:13:40,day,finance,46,0x34ae43ac0fc20824e5e622ce3ffb14dbaaca58ce,249.97156000000018,0.0,whichs
2026-03-31 05:13:40,day,finance,47,0x97f3f9f15c0063710c60d3ac9c40d17f4ba60eba,219.0635069130003,0.0,Investnow
2026-03-31 05:13:40,day,finance,48,0xbb9f26e524995a822bc1265c87b5f347e5c5bef0,218.809119646,0.0,Sandisk16gb
2026-03-31 05:13:40,day,finance,49,0x0753143238affe972166ed60030c66af2f94c6aa,215.24986237429994,2.0304,dobar
2026-03-31 05:13:40,day,finance,50,0x294d6426745e9c48c978b91478b91365af32b362,207.75935247071538,294.218429,ghuonliyelkihxeklkgeu
2026-03-31 05:13:40,day,finance,51,0xc0a1298e2d6ba216efb554865369152da9c5a33b,199.73485409850036,0.0,EddyAncogld
2026-03-31 05:13:40,day,finance,52,0xcb4b1380637417f5f36a9f02d6f7de7ef240b3f4,193.42566628249915,0.0,4tigers
2026-03-31 05:13:40,day,finance,53,0xe3726a1b9c6ba2f06585d1c9e01d00afaedaeb38,189.93826904369052,4522.763566000001,cry.eth2
2026-03-31 05:13:40,day,finance,54,0xeae707a267b3d6a112167b5c93c3fa74e38c2800,189.85540674108915,104.92,0xeae707a267B3d6A112167b5c93c3Fa74E38c2800-1773326860088
2026-03-31 05:13:40,day,finance,55,0xa81a63a24a778e783b6bae47fa8d655e34bb216b,186.8711089457886,7799.190959,TimmyC
2026-03-31 05:13:40,day,finance,56,0x504d3903d17b31d7680f64666b01ed49e777dae8,185.8415200000002,0.0,nocturne481
2026-03-31 05:13:40,day,finance,57,0x6765c1c000e3b99c7fffea752c561cb868f1fa0d,184.09628674499072,20.21,JanAMEX
2026-03-31 05:13:40,day,finance,58,0xed856be29d1952965c70d9b0607d7b86ed10f876,180.41424691249995,0.0,YYW
2026-03-31 05:13:40,day,finance,59,0x83d4d28475bbcf7422cc468dfca22777feecbce8,180.02947109999968,0.0,lasix928
2026-03-31 05:13:40,day,finance,60,0x34a9b8ab09d930e9b14d01875e2364e3896a9e88,179.08870903000047,0.0,Vovovovovovovo
2026-03-31 05:13:40,day,finance,61,0x52ca8cad990148ffad046766efae6dd87ffe523f,176.20706564450052,0.0,tumbra
2026-03-31 05:13:40,day,finance,62,0x5ecde7348ea5100af4360dd7a6e0a3fb1d420787,176.1088445810019,284.411763,Mujurry
2026-03-31 05:13:40,day,finance,63,0x53515560de479cb8bec53a517bcd9fb2f66dc7ed,174.18095513437788,17.241378,Degencrew
2026-03-31 05:13:40,day,finance,64,0x250c209da4b8cd7543a12eed529efc68b6982774,172.7742972447204,8037.934488999999,acal
2026-03-31 05:13:40,day,finance,65,0x9c4db21669d5c5b48c0655761b4fedd646e6168c,169.46133823999838,0.0,Renati166
2026-03-31 05:13:40,day,finance,66,0x14649f7d9fd051d7c934586ecabba6e08b0a8748,168.58941009770604,9.302321,gautamgg
2026-03-31 05:13:40,day,finance,67,0xe6521f57e437ad4985b77f5ddd2146239d0bd114,162.84915245000005,0.0,thisguymen
2026-03-31 05:13:40,day,finance,68,0xb500f03d9313683e7b03df7f9b278ffca8340014,161.06368500000005,0.0,tsfhjb
2026-03-31 05:13:40,day,finance,69,0x387e4cf9040ed23efa474f6bb9116c8c6994c514,160.59668962500018,0.0,Jesuschristbro
2026-03-31 05:13:40,day,finance,70,0x752d8af146aaad7f572215c2195263c80077d335,159.77375893499993,0.0,SmilingFriends
2026-03-31 05:13:40,day,finance,71,0xd6a39cef30c927c4d57b5cc519f3a2d0332a9738,158.85218351840194,60.46,Feint
2026-03-31 05:13:40,day,finance,72,0x736539924a5602b37a03a54fc12c1cc8f98964da,158.55072213099902,0.0,cqk
2026-03-31 05:13:40,day,finance,73,0xb2891979f77b5a5718c3b614e7299e7af1163926,158.22290410000005,0.0,greenset
2026-03-31 05:13:40,day,finance,74,0x63c652270a37e53a170303b6b264a2aa835743a5,155.2231654219977,0.0,big-short
2026-03-31 05:13:40,day,finance,75,0x06ac70013cd0c7992ec830ad5df9f7f66d5b79ec,149.9995383600001,2000.0,eastpak
2026-03-31 05:13:40,day,finance,76,0x6dd62cf0b6255b0bbab7dacdb3033b6173a15a97,149.64140456999996,0.0,rebase
2026-03-31 05:13:40,day,finance,77,0x62cb7472b487778a1a29446145b84f014f120b0d,141.74322825850095,0.0,0x62CB7472b487778A1a29446145b84F014f120B0d-1766971822205
2026-03-31 05:13:40,day,finance,78,0x0fc94c9727eb9d5a5b72c4f414cefb8d9475df11,141.22259999999994,0.0,cbjdasfdsa
2026-03-31 05:13:40,day,finance,79,0xc97b0b2a2547bb3ed57167092ef8a6e816c347e5,141.12283105067775,7661.148088,0xC97b0b2A2547bB3eD57167092EF8a6e816C347E5-1770003388001
2026-03-31 05:13:40,day,finance,80,0x743beec1270e1f4a468658bf628ac8cb94e6b802,138.8973788000003,0.0,earshot.zenith
2026-03-31 05:13:40,day,finance,81,0x6ab0a8de37096bc7ca6bf1451e87c705011642b7,136.8676820385,0.0,ggwaltney
2026-03-31 05:13:40,day,finance,82,0x160df84695ed42f620a1b2fa4cb69a5f69986f25,135.81828999999996,0.0,Albedo00
2026-03-31 05:13:40,day,finance,83,0x71abe97b83eaba3f06cb04fd4d9a03ee37d2f015,135.59329316203969,483.49102200000004,groth
2026-03-31 05:13:40,day,finance,84,0x1615086ace48440b0bc0da28a9dfc3d6e8208f2b,135.30092217594574,1199.994613,alihanyer
2026-03-31 05:13:40,day,finance,85,0x4f23a0976493be385412ce9a6b93841ee2c090db,134.37619134000124,0.0,Hiworld.
2026-03-31 05:13:40,day,finance,86,0x46f660832a2cb12ce00885e57a7e4c8f130cb9d6,133.26428500000017,0.0,QIAOmain
2026-03-31 05:13:40,day,finance,87,0x4b20559b9f6b59a2c0a0e29f56e4c1294710afa6,131.81867047000014,0.0,yellow.brown
2026-03-31 05:13:40,day,finance,88,0x8575467a6743c81ef0a8d06acc76e99b454a87fe,130.00509207779032,9235.323836,products
2026-03-31 05:13:40,day,finance,89,0x64dbeb0a10678b1ff708320b19654c5d40a98c8e,129.9991328999999,0.0,Miojinho
2026-03-31 05:13:40,day,finance,90,0x844ef6cdd0a4d691b7a81429ee550f025aa64f41,129.19717506485904,9999.992701000001,flyfat88
2026-03-31 05:13:40,day,finance,91,0x4e25605fd905e9972efc0f4d8814530c655cd7a7,126.04450609497144,0.0,0x4e25605fd905e9972efc0f4d8814530c655cd7a7
2026-03-31 05:13:40,day,finance,92,0xc67b74b95f2f2bef9b6dfe7e1d69331736d1b024,124.84414609000007,0.0,interboys47
2026-03-31 05:13:40,day,finance,93,0xc1a58674dbcc1d3208f7e61a0a8b252162caf290,124.83645335200163,0.0,amis
2026-03-31 05:13:40,day,finance,94,0xd64e1a97d46f2ba860a56470ac6f47e5bcda5516,124.34090945549906,4575.869997,uprightuser
2026-03-31 05:13:40,day,finance,95,0x719780433a6910f2f0ce9443339072258f158276,121.79017747413855,299.5,ac0008
2026-03-31 05:13:40,day,finance,96,0xb18d9d4cc67e69017650320782e93aa2abbf43db,120.74419999999995,0.0,bgssdc
2026-03-31 05:13:40,day,finance,97,0x3329cfc2b8d8ceb8d198f081bdf4262f421f43a6,120.53864400000663,11206.851,TENETENET
2026-03-31 05:13:40,day,finance,98,0x373f307a311cfb5e9fc7383e155f3cc79d0e1878,119.9702449399997,0.0,333blacksea
2026-03-31 05:13:40,day,finance,99,0x534261fb7aff59f1cf080134dae538bbc32557bc,119.02780134000022,0.0,SemisGod
2026-03-31 05:13:40,day,finance,100,0x9690d9f51b618222c29567c3b39aac2935a5f2d5,116.65091620123167,0.0,Djibooty
2026-03-31 05:13:40,day,culture,1,0x45b0efd6a5bdbd114d9ed30c505cfbaea1eb4857,3312.823665752865,9937.47,Valued
2026-03-31 05:13:40,day,culture,2,0xfe0f8089217477b6d9010385b35b99681be5ae82,2064.1936735842264,101.22041999999999,puzzl3
2026-03-31 05:13:40,day,culture,3,0xa49b6ea0a604c581f2a9569db42c192b1c487054,1191.3524970765138,11477.461701,387411007415611814092217897387
2026-03-31 05:13:40,day,culture,4,0xaca97d9b5af802a3370dd7f96b8df31ada62233a,728.9078748354987,0.0,Soni-Billi
2026-03-31 05:13:40,day,culture,5,0x7579acddd8c198ecaf4290eccbc11d8dc6e294c6,684.0819068456512,2778.83,0x7579acddd8c198ecaf4290eccbc11d8dc6e294c6
2026-03-31 05:13:40,day,culture,6,0x206191d01c411a5b346d11a2df2d463a356b8ec9,668.2490420460006,5541.754,failstoberr
2026-03-31 05:13:40,day,culture,7,0x0ec19560a9c841d0d69b5ae0853fb4b4d64b0099,647.9986788900001,0.0,wrappedtina
2026-03-31 05:13:40,day,culture,8,0xe1fa2982b9eedb6fba5cc014be2a53c152aa0e5a,612.374719266,0.0,62115
2026-03-31 05:13:40,day,culture,9,0x5116ee15e86bc8878b90ac8a8514e38511eb58c4,550.9680932954943,11658.08,ElonSpam
2026-03-31 05:13:40,day,culture,10,0xddd85ddfa58784925990c16c9858ccd62e4ee6f7,481.851629595174,5056.950384,Manksdy
2026-03-31 05:13:40,day,culture,11,0x5415c298dde8c84f4ba726d36b411df6e9a72a6e,478.84453999299967,0.0,-Dominus-
2026-03-31 05:13:40,day,culture,12,0xc4ae791db093593753d2f0a99a4c186056dfa3ef,426.84762079790016,6630.93138,0xc4ae791Db093593753d2F0a99a4C186056dFa3ef-1752767645288
2026-03-31 05:13:40,day,culture,13,0x2301fd5f64589eb5110d54abfd92b41acb767fa8,422.94288927499997,512.91,sundaylines
2026-03-31 05:13:40,day,culture,14,0x241d9e18f569f7422ab03200308a459cd6f24be3,412.69070746999995,0.0,Money-girl
2026-03-31 05:13:40,day,culture,15,0x0a6d26d31b28fd5a84c301f8b27296612f3b1d0a,372.3800475355856,8643.184201,Bikesarethebest
2026-03-31 05:13:40,day,culture,16,0x1d4687b8a278eb3dfb0cd0c3f6302998aa92fdb2,336.1174444149965,0.0,airme
2026-03-31 05:13:40,day,culture,17,0xf56b63b0d4be924d8159e56f9950149cce40f7c6,329.67519075772,3473.0538670000005,zxzxzxzx
2026-03-31 05:13:40,day,culture,18,0xd713f0d2761a77f7834dcbbbc8a25abc319daf79,327.11000000000604,11550.0,swolfStrikes
2026-03-31 05:13:40,day,culture,19,0x02b4401ae7ead14477e944f79e9db07ce9ab7092,319.86773406648535,54107.92,alohaa
2026-03-31 05:13:40,day,culture,20,0x2d4c729299e6e261bdf61d859dbe772e00002e02,319.0189710533159,6431.128060999999,geraldhew89
2026-03-31 05:13:40,day,culture,21,0xca6e9879b0a83eb471f974e159f2483c08b546f2,284.9847547019781,0.0,sb911
2026-03-31 05:13:40,day,culture,22,0xd5e2e41a63db0fc8d9d67c3dd007d24456936078,272.40343751399996,0.0,0xd5E2E41A63dB0Fc8D9d67c3dd007D24456936078-1764110794337
2026-03-31 05:13:40,day,culture,23,0x396f35c4d4f84c0a6c5f3b13e40e1de550367f78,269.9993925,0.0,lranon2nd
2026-03-31 05:13:40,day,culture,24,0x132818471277479db37b26e87ffe0f6587d211ac,267.3576891080029,12293.492644,0x132818471277479DB37B26E87ffE0F6587D211AC-1769703274190
2026-03-31 05:13:40,day,culture,25,0xb260e618bd5b0351f54cbb6b2370def471af715a,255.15668722650298,240.373325,Hit-man
2026-03-31 05:13:40,day,culture,26,0xb7968abf2c5ba934db17add2f9e87b38fcbf58a8,250.38253046025966,765.06,vayz
2026-03-31 05:13:40,day,culture,27,0x53e1339b600515f3105b6b087532dd69f88f6a12,236.50250768261003,1355.418665,Tuday
2026-03-31 05:13:40,day,culture,28,0x459ce1c229e40c58fee5d6ffc541da2f95667ebc,227.24289824004563,15564.623882,0x459Ce1c229E40C58fEe5d6ffC541dA2F95667eBc-1771273469997
2026-03-31 05:13:40,day,culture,29,0xbac4990827365cd6458abd90c4c42cd41dc51ab2,226.56276581986458,860.7325000000001,LazyWanker
2026-03-31 05:13:40,day,culture,30,0x97fcfa2e9486df70e1035ea3e013a8ed4fdf229e,217.8886311568001,8770.401093,0x97fcfa2e9486df70e1035ea3e013a8ed4fdf229e
2026-03-31 05:13:40,day,culture,31,0x97f3f9f15c0063710c60d3ac9c40d17f4ba60eba,212.88400731499678,0.0,Investnow
2026-03-31 05:13:40,day,culture,32,0xacbca1cf43bd198e734089f198f3725281577cc3,211.74284499998612,0.0,TROLLSK
2026-03-31 05:13:40,day,culture,33,0x8eab0c46127830072631db88e9dbaeb0b953a56d,206.86711590595223,11296.460000000001,LinaBell🦊
2026-03-31 05:13:40,day,culture,34,0x4da76bbf120899fc10fa6e0aad4bffdd19a7355e,202.50191286749828,0.0,degensruletheworld
2026-03-31 05:13:40,day,culture,35,0xa6e42bb3762608e5b30d8038896b7dbe73148cf3,195.80734284964865,403.090776,terryyml19028
2026-03-31 05:13:40,day,culture,36,0x33d41dc0a5e652c60d177fc33fae4b655883c167,191.7626999999993,2215.77,sunqibin
2026-03-31 05:13:40,day,culture,37,0x94f498b717b8041c59579a99c73af3250fe4ea54,191.65590270306438,1192.17,RoadmanDon
2026-03-31 05:13:40,day,culture,38,0xe25b9180f5687aa85bd94ee309bb72a464320f1b,184.7781304634991,0.0,WordleAddict
2026-03-31 05:13:40,day,culture,39,0x43cb4ae1f4ddc9e671486c79c9f40a6fd98b84df,182.673405653386,6235.996746,0x43cb4Ae1f4dDC9E671486C79c9F40A6fd98B84Df-1761656284271
2026-03-31 05:13:40,day,culture,40,0x952ceafbdc6176d3c4e24440bcc07770eae5be27,169.04428169754829,19763.56,GOODLUCK..
2026-03-31 05:13:40,day,culture,41,0x471abf0558dcd381dcea2fdf54390760c9a30328,163.3519828631106,2000.0,Gustav4
2026-03-31 05:13:40,day,culture,42,0x9cfdf189e6b560e138ee7dfebd0ee8b803f3eb36,162.8752999999997,0.0,wowoowowowowowoowowowowow
2026-03-31 05:13:40,day,culture,43,0xaf4635074c8f9966ff44f2497183b53fc0578c1d,162.4454964810393,2741.026,vamnizar
2026-03-31 05:13:40,day,culture,44,0xa0993148b8d481bfafbbc784ba19a4fe25ccd81f,162.04014447000122,0.0,JeremyJ
2026-03-31 05:13:40,day,culture,45,0x2983e72d33f880be03bd890de505a181d1813d42,159.0510434445,19.2875,howardhughes
2026-03-31 05:13:40,day,culture,46,0x6e995ce66f7ec0237ce94db760d940bdc2eb72a0,152.76779887134037,544.386666,OZeliyahu
2026-03-31 05:13:40,day,culture,47,0xbb9f224569285cb57f433bbe2e71f9b8a11b557b,145.7517680888791,15819.977661,rocky42014
2026-03-31 05:13:40,day,culture,48,0x833cc22d38ce8054bcdac8d3ddc961c74575f919,145.56172365999964,0.0,LiquidityCrisisActor
2026-03-31 05:13:40,day,culture,49,0x5b6766544a472c8ba12df135dae59b4bbb5760aa,145.42614573500123,0.0,0x5b6766544A472C8ba12df135dAe59B4BBB5760AA-1770128934511
2026-03-31 05:13:40,day,culture,50,0xeff9837de49ff99f1a2e5f7fa03e27a07b3c05fd,144.21671714432614,3498.8430259999996,Archeroon
2026-03-31 05:13:40,day,culture,51,0x01e948dac58f7bf183e207866127912adb455250,143.60288644250008,100.0,HocusPocusPreparatus
2026-03-31 05:13:40,day,culture,52,0xc9b454a93d37df50d99d0b694c5ab99efe264d69,143.593369752,0.0,User9474764
2026-03-31 05:13:40,day,culture,53,0xf9712c6d06a0e6527ae7f85c9d540158e1a40a57,142.04040612400058,2.54,rocky42013
2026-03-31 05:13:40,day,culture,54,0xa23fc14a9cd59cbf45364ebda81d4fdce4e014ba,140.04564170138002,14.13,almasol
2026-03-31 05:13:40,day,culture,55,0x77662b0f165fe2a47fa270b797e7e8189034b7f6,139.72302078249868,50.9,spakila
2026-03-31 05:13:40,day,culture,56,0x128ed1a5d12ee3e3d4a5585a155db99ca9e79dd3,139.44290055999954,0.0,sunmeee
2026-03-31 05:13:40,day,culture,57,0x3db2e06bb6b15492de36b11126ac39d502380f2e,138.8360064870194,6444.244499,amwfhv
2026-03-31 05:13:40,day,culture,58,0x735410130609d8bc5a30e279263a1f566c55430f,138.5914944358392,1474.715307,Dr.napol
2026-03-31 05:13:40,day,culture,59,0x6c7d9ce7d08fbe1bf872fa825916802866a8d6eb,131.46378301400546,0.0,VVKhqdMdKjEpLsDRwu
2026-03-31 05:13:40,day,culture,60,0xe904443b4084bbda216e344353a44cd4324a2d9f,131.149111050001,0.0,shovelingdigging
2026-03-31 05:13:40,day,culture,61,0x6864204009ba1e137989983eafee8644cb3f294b,128.99104823494417,3335.9565509999998,hetacz
2026-03-31 05:13:40,day,culture,62,0xcf8d020cc26b7ffcd54b374f2a67046f9ce59601,127.49999999999955,0.0,VibeElon
2026-03-31 05:13:40,day,culture,63,0x0f7f9903f46c24ba66900ceb4a427873129c6450,126.81129264203378,0.0,Elonurmom
2026-03-31 05:13:40,day,culture,64,0x9ccc0ca985cd638f106d5f355cc2e4d11d4ce7e8,126.47961202500073,685.3857250000001,KarlXII
2026-03-31 05:13:40,day,culture,65,0x77a18f221083fdd5ca17aef29ff48aaaa669de3d,126.44207961449865,0.0,wolfmoon
2026-03-31 05:13:40,day,culture,66,0x33e5945c1f0843c3068d8418ba90c2accd081c91,124.74265166035457,463.90678299999996,PicklePredictor
2026-03-31 05:13:40,day,culture,67,0xa3c68d6aa6539c82b251f41f1ae6eb830ade0ea8,124.08771898041562,2264.71915,Satoshimania
2026-03-31 05:13:40,day,culture,68,0x0aea25d20d9852de6f24a18a9d7b5cc2c5fb8951,124.05083055999998,1776.9900000000002,9435
2026-03-31 05:13:40,day,culture,69,0xdf482e3d5d2150a4bf3f587d545e23c2a07d136d,118.40536858819473,2762.336215,5201
2026-03-31 05:13:40,day,culture,70,0xa3cb035f36a21c046cde0f286893a68fadf7ef82,117.71903499999962,0.0,ragnerrrr
2026-03-31 05:13:40,day,culture,71,0x312a591e969fe6e0180b38759b3fb70b4f6d66b8,115.37294072312875,395.331124,Slowbucks
2026-03-31 05:13:40,day,culture,72,0x653fbeec02e9c029b595b40e53f479d6fa3ec386,111.10782899000003,2607.06,hyp888
2026-03-31 05:13:40,day,culture,73,0x8bfe1a051ca40ec2e0ba5b842e2818496cf7c44d,109.70962208500077,0.0,Artems
2026-03-31 05:13:40,day,culture,74,0x6df766e3e23ecf297342f37b5783ac066fb8afb0,106.48532575599893,0.0,Poiuztrewq
2026-03-31 05:13:40,day,culture,75,0x77c812f7735ad07e3ce58fd466a0e1b4346bbc8c,105.75211140238389,8920.575237000001,dudukos
2026-03-31 05:13:40,day,culture,76,0x8a16e11fea42ac59831d4ded95d532e9feae0c03,105.11786699999996,620.0,gangcai
2026-03-31 05:13:40,day,culture,77,0x3423c5cc44b93ae9fedf8d6a25f45a0e9d15fe57,104.39850200066701,679.09,liq2
2026-03-31 05:13:40,day,culture,78,0x53729ed50a7fc0f46c67fe922ff58b6fb80c5f61,103.69999999999999,610.0,JessicaCarter5463
2026-03-31 05:13:40,day,culture,79,0x799993dbefc3558fd6d48744fc1d8d4528b61d86,101.0764640094967,907.02,AlexTiger
2026-03-31 05:13:40,day,culture,80,0x7c8a7f52cb174048b7629998fdf601911f84910a,98.7358573954998,0.0,0x7c8a7f52Cb174048b7629998fdF601911f84910A-1772441510229
2026-03-31 05:13:40,day,culture,81,0x274c3b18a52533645977039a171a96cbafad4824,96.00576603414356,1500.0,benben2026
2026-03-31 05:13:40,day,culture,82,0x04dbe94fc549e2bfff09aec1cd9d02960adaf0fd,95.49442234053998,501.90999999999985,7...
2026-03-31 05:13:40,day,culture,83,0xe87e5e8dc4780110e9b23370fef7c78447f54f70,94.86000000000047,558.0,MarkMartinez5836
2026-03-31 05:13:40,day,culture,84,0x80cf6712f17249a90d0811201db95c433a4b7611,94.6944408035011,1234.77,agrarward
2026-03-31 05:13:40,day,culture,85,0x533c789d479d445186ff8ec132fa7a27541c2658,94.6335126515005,0.0,Winnnnnnning
2026-03-31 05:13:40,day,culture,86,0x25a7fcfe11abd6ae873148584fa3e1b6aa98a4c8,94.55105229124638,468.81000000000006,loser-star
2026-03-31 05:13:40,day,culture,87,0x35f3f632e298b77df6acd316687169d15be3cfd0,94.41243625509287,689.9911,RickRockRick
2026-03-31 05:13:40,day,culture,88,0xad703ba9fa7af1447bfcfe22522d052df64f4ccf,91.08086882850102,0.0,YourAnimeGirl
2026-03-31 05:13:40,day,culture,89,0x5a45565906b8478fe456a0d313ce8839b3e7f628,90.08223376479145,6113.376974999999,FFIE.
2026-03-31 05:13:40,day,culture,90,0xde9b75edf5d0befed9de18238e75f376bbc444fd,88.20682745600425,0.0,Elonus
2026-03-31 05:13:40,day,culture,91,0x1e077c9e00ffc46acd9dd63eb62276d123e736a9,87.64548803750017,300.0,Djeki4an
2026-03-31 05:13:40,day,culture,92,0xdd1f6d56df74dc027a0577cd10cf95ebc06acc26,87.04965455085039,68.0,Jasonshuaixl
2026-03-31 05:13:40,day,culture,93,0xa0fcc5b921ecfeec9a365a1783f6223e6bc088b1,86.82602168900121,0.0,axenal
2026-03-31 05:13:40,day,culture,94,0x1e1aed3928a9617e7c7ae674c4fa7aebbd9d7690,86.68279313913081,1893.9894610000001,Bitgod
2026-03-31 05:13:40,day,culture,95,0x7a6192ea6815d3177e978dd3f8c38be5f575af24,86.02352877800513,0.0,Gambler1968
2026-03-31 05:13:40,day,culture,96,0x7141bc5dc7db22c2d5b59a9134aecd5cded08345,81.84300409482421,7100.126850999999,FieryPhoenix
2026-03-31 05:13:40,day,culture,97,0x825784480f002247beaf01ed1777a85436ceda02,79.99586000009731,0.0,Poory
2026-03-31 05:13:40,day,culture,98,0xa41ac48cdb459621a3aef40988fbd7845e550fd7,79.65560881294005,2370.891531,Nanwithamission
2026-03-31 05:13:40,day,culture,99,0x75003de792a09a4d0345913baf9c63d08faa567f,78.67514954100045,0.0,0x75003de792a09a4D0345913BaF9C63d08Faa567f-1763836802268
2026-03-31 05:13:40,day,culture,100,0x5095e97281f28d4d8549fd3834802c24cbb793ee,76.91542232099164,0.0,0x5095e97281f28d4d8549fd3834802c24cbb793e
2026-03-31 05:13:40,day,mentions,1,0xb33159fe708554ed0be6996a8992e2f865fb1786,646.8665000000001,0.0,DarkZuckerberg - 28387
2026-03-31 05:13:40,day,mentions,2,0xea7957606f259bcba522a4681494555547a7a9cc,283.9580717176641,70.0,starbuck02
2026-03-31 05:13:40,day,mentions,3,0x5e79cbbf52c50c70e89600bfa1aabdb8bc20e974,248.5399999999999,0.0,AnnaWilliams3505
2026-03-31 05:13:40,day,mentions,4,0x987e76034c14f07a1d720ec73c293488e394990d,224.4000000000001,935.0,CrystalFrench1662
2026-03-31 05:13:40,day,mentions,5,0xa347069e435d7cf2ca20e98cb6ef3b3801b22a40,185.29999999999995,0.0,bakedapeyachtclub
2026-03-31 05:13:40,day,mentions,6,0x88c44674e22773ff76c14c1bee0d3f33459d758b,181.55999999999995,0.0,MarkLewis1447
2026-03-31 05:13:40,day,mentions,7,0xe1b74e7b1f5451699a641165411fd3fe119dd913,152.01,0.0,RobinRodriguez3070
2026-03-31 05:13:40,day,mentions,8,0xe598435df0cdf5d22bdd5082d557f75f9180a0a8,126.61250000000655,0.0,bamesjond
2026-03-31 05:13:40,day,mentions,9,0x53227e255a5577d50eeb3672a2225d40d05c95e1,122.92000000000002,878.0,JamesBarnett3368
2026-03-31 05:13:40,day,mentions,10,0x22dbd51e1a4e10fff072fa24300238c64033190f,116.54620399949636,0.0,SusanWarrenHR
2026-03-31 05:13:40,day,mentions,11,0x8b4410e877fa826c7e986dfb30a5be73d72163fb,109.5548088699993,0.0,Bsau4
2026-03-31 05:13:40,day,mentions,12,0xaaa134a3b12f8579689cbd44c3df3a02d3ba827b,97.57999999999993,0.0,SpencerHayes3244
2026-03-31 05:13:40,day,mentions,13,0x3314241c37a296e9aece7e7dfb5898652b4aa8c7,88.12502672949995,0.0,0x3314241c37A296e9AeCe7E7DFB5898652b4aa8c7-1767968276778
2026-03-31 05:13:40,day,mentions,14,0x2ecb34e1cb95b3c8d9d3e2905668d3eee03a7645,87.39513997200379,83.02775,AlphaPengu1n
2026-03-31 05:13:40,day,mentions,15,0xead6b9c28a5d4731a323c3f44f864aaa098f911f,80.21999999999997,573.0,impressionsvanity
2026-03-31 05:13:40,day,mentions,16,0x89961f6c262824bf40fb10287a9d0789b7d99c76,74.9,535.0,ScottRoth2230
2026-03-31 05:13:40,day,mentions,17,0xe0f1e7751df4035f78a5eb2f4296c98b4d5bc4bd,70.1749999999995,0.0,CompulsiveGambler
2026-03-31 05:13:40,day,mentions,18,0x6509056f4010f6b830082e613649e679ef454674,66.06000000000003,0.0,TylerAdkins9152
2026-03-31 05:13:40,day,mentions,19,0xe4330b45fe39de73beed1ffc800a2f1d41931700,60.660000000000025,0.0,myripple
2026-03-31 05:13:40,day,mentions,20,0xb132cea72b431d8cc40051cf118af9c1e2bc6943,60.120000000000005,0.0,46083
2026-03-31 05:13:40,day,mentions,21,0xdd1b90f903434ba42c0fd3e56b54209449a175d8,58.98876381499895,0.0,Frick
2026-03-31 05:13:40,day,mentions,22,0xaec9ff74f210979df3fc759f0c4be8c4d6ef3213,57.51000000000002,0.0,frabc14
2026-03-31 05:13:40,day,mentions,23,0xad5353afe30c2da57709e2704ef3ccdcf67eef24,56.564186186496954,0.0,AJSV
2026-03-31 05:13:40,day,mentions,24,0x682fd3c808a9b38a6d1302e0c50a6acc5b81fc69,48.690000000000055,0.0,BrookeJimenez7727
2026-03-31 05:13:40,day,mentions,25,0x9efece43fc2ab698d5dbc04e869cfafe358ed947,45.89999999999998,0.0,ChristopherRoss6404
2026-03-31 05:13:40,day,mentions,26,0x41cb8653fd75ebf2a46741d224dc596e5a72a5df,31.67574227599971,11.129,AnaFav
2026-03-31 05:13:40,day,mentions,27,0xf66ceb07affeed8b86737de32ef3fbec02bf4ab1,26.178370452571926,87.25,Kulborg
2026-03-31 05:13:40,day,mentions,28,0xec8e01d81d219b1b4f0905cac063d05acd9d39b0,26.108387090000036,0.0,0xEc8e01D81D219b1B4F0905CAC063d05aCd9D39b0-1772699479346
2026-03-31 05:13:40,day,mentions,29,0xcf7fc160b652d81de621b132cd5391a8790adb83,24.060000000000002,401.0,theothersideworld
2026-03-31 05:13:40,day,mentions,30,0xe1cb5999dfa7b76526039976f8fe13f0bc85933e,22.590000000000146,0.0,BenjaminBlack9043
2026-03-31 05:13:40,day,mentions,31,0x5481ed1233874553c9d20652d35edec1714450ec,21.480000000000018,0.0,NicoleShaw4553
2026-03-31 05:13:40,day,mentions,32,0x1cdd071bb612de6d66d0c882b676c663697de595,21.275217333999763,193.11,Lavincey
2026-03-31 05:13:40,day,mentions,33,0xbfccc586c262d94f42c5f4fa34465d20105312a6,19.984488165544008,0.0,Freeborne
2026-03-31 05:13:40,day,mentions,34,0xbf5f75474cef2688aaa731f4dc2c7837c0c981c0,19.17,0.0,AlexisRay5314
2026-03-31 05:13:40,day,mentions,35,0x87650b9f63563f7c456d9bbcceee5f9faf06ed81,19.167225789999847,0.0,2B9S
2026-03-31 05:13:40,day,mentions,36,0xe2a8602a2e4cae31bf4d72b7352d8589ac0b9b29,18.660000000000082,0.0,DarylSalazar2758
2026-03-31 05:13:40,day,mentions,37,0x2ebb95916d75691271c1c151f99df4def77f0614,17.80911663249998,0.0,Solalpha
2026-03-31 05:13:40,day,mentions,38,0x49bbe046f3cc29f971c89a14b0c8e1f8750caaf9,17.5,0.0,ChowComesBack
2026-03-31 05:13:40,day,mentions,39,0xb37f3f453a78aebc6f39bf577f2d53708dadfdcf,14.343027230000075,10.0,Wwx
2026-03-31 05:13:40,day,mentions,40,0xe36296a42555b95e95880412387e954d84b0bd00,14.175556249999772,102.65,SnowballHustle
2026-03-31 05:13:40,day,mentions,41,0x39b4c4034936fe89337218340eb3107686363258,13.890000000000043,0.0,fundas
2026-03-31 05:13:40,day,mentions,42,0x9b2fcb79bdb8a6a6174da327e9335f7889c6d8f8,13.867000000001099,0.0,SloppyDonny
2026-03-31 05:13:40,day,mentions,43,0x9fae2e338894884fa50f11913813ad5e4d7e4ea2,13.767,0.0,3425rtert
2026-03-31 05:13:40,day,mentions,44,0x81512a4bfb72fd8c8c349409a441d1dce18a3421,13.200000000000045,0.0,VincentCombs8468
2026-03-31 05:13:40,day,mentions,45,0x26ecb465b1fd61cf065bff268c8241e3f970255e,12.675,0.0,erterty4454
2026-03-31 05:13:40,day,mentions,46,0x0a7aaf83341b52df34e8ffef52aa295538d6df1b,11.96768805000005,65.6061,Perypery
2026-03-31 05:13:40,day,mentions,47,0xb08b47570ef68ba02ba66a9c14c399c3caaf4b55,11.354166593999935,0.0,0xb08b47570ef68ba02ba66a9c14c399c3caaf4b55
2026-03-31 05:13:40,day,mentions,48,0x8c65191e411feec6c73aefbd74a55d246099dcf7,10.962900000000005,0.0,ManBOOOO
2026-03-31 05:13:40,day,mentions,49,0x51e3ebdd728e4ced1617b79852f892c1b717556b,10.46090745,0.0,dc13479
2026-03-31 05:13:40,day,mentions,50,0xebefb7cc0454e73df8ee8602033e7c5331a78731,10.147082750000003,0.0,EhBC
2026-03-31 05:13:40,day,mentions,51,0xf52d9c36f533aba323344ac27033f02cc51b0cfc,9.716017947188,0.0,Pinkdress
2026-03-31 05:13:40,day,mentions,52,0x8a4ec9c5684b23599bb1dd827b8a5673c2fab38c,9.575603620000038,16.6,JamieMention
2026-03-31 05:13:40,day,mentions,53,0x140891ee5c1214859198b80f0a5a4880ba57b4f8,9.406248892000036,25.0,tthahaha
2026-03-31 05:13:40,day,mentions,54,0xeb747705bbd51b84a7f9018f69e0be82ec872f5a,9.30759253771896,165.504031,Tugaxe
2026-03-31 05:13:40,day,mentions,55,0xf2cf3cf7863182c763bce60580a7d20e9333464b,8.984841339680008,47.452844999999996,Mojito9
2026-03-31 05:13:40,day,mentions,56,0x765c3441b5161683541bbbf7c0bc7d71b3d9dbb6,8.889835025999995,0.0,nc3iceibvtvetvbt
2026-03-31 05:13:40,day,mentions,57,0x1eaafe1b6d39db7fbf1eff986a20b3aa5225b550,8.850000000000023,0.0,VictoriaCamacho6492
2026-03-31 05:13:40,day,mentions,58,0x3f879bce867e963005be07fd32c94938a6c20d97,8.735999999999999,0.0,wetewt444
2026-03-31 05:13:40,day,mentions,59,0x1a392d400dee4a87210d6ad23c8f8635e20128ed,8.715000000000018,0.0,B3p3newx
2026-03-31 05:13:40,day,mentions,59,0x20d29e8c027e9e099256575ec5d512e13644b26d,8.715000000000018,0.0,Gtgn42fb
2026-03-31 05:13:40,day,mentions,59,0x1a392d400dee4a87210d6ad23c8f8635e20128ed,8.715000000000018,0.0,B3p3newx
2026-03-31 05:13:40,day,mentions,59,0x17a2e522d71c0b2242a1d09aebf738d78bf99070,8.715000000000018,0.0,Rm4y68rh
2026-03-31 05:13:40,day,mentions,59,0x73e169d840f0b408eccc2b5a5a405bece2781488,8.715000000000018,0.0,Rtwe8ph6
2026-03-31 05:13:40,day,mentions,59,0x63e1ecf773607f7d231298371f0baff6011d7e8f,8.715000000000018,0.0,Q5m1yxkf
2026-03-31 05:13:40,day,mentions,59,0xb98f1c48871f1e9c8462fe8f744a937dba54f7cb,8.715000000000018,0.0,Rpkx2he6
2026-03-31 05:13:40,day,mentions,66,0xb390cfc373eaaf68235c6b9b5e200e4ec3c1bbfc,8.365000000000009,0.0,Qr1xaqgp
2026-03-31 05:13:40,day,mentions,67,0x37a42bd47eb73f4b6f63b6bf8cd383188a0180f4,7.939165500000002,0.0,0x37A42BD47eB73f4B6f63b6BF8CD383188A0180f4-1773074948360
2026-03-31 05:13:40,day,mentions,68,0x934bf377fea20cadae689e6c2bac1d5b678ab9c1,7.394750000000002,0.0,voteforusa
2026-03-31 05:13:40,day,mentions,69,0x6d508bc113781333dd5bd5faaa72856b442bc64c,6.825000000000006,0.0,0x6d508bc113781333dd5bd5faaa72856b442bc64c
2026-03-31 05:13:40,day,mentions,70,0x19be16169f8d6a8a4bceb9103254dc2ee1c1c270,6.825000000000003,0.0,maobuyi66
2026-03-31 05:13:40,day,mentions,71,0x9868728dfb3c7edbfe84689b4d83f224f08b6178,6.737099999999998,224.57,ujbnmm
2026-03-31 05:13:40,day,mentions,72,0x0362bb926368b144e0ff98f6828a251e4cb6449e,6.500129196499984,0.0,varch01
2026-03-31 05:13:40,day,mentions,73,0xb1b68b137a4fd29b34cedb5d1a2052532fd7072d,6.256,0.0,uchmdomstelli
2026-03-31 05:13:40,day,mentions,74,0x13cd806cb0b70c2a6b81cd6b6a8c214becce7f8b,6.1068575429419525,48.437627,your-daddy
2026-03-31 05:13:40,day,mentions,75,0xe5e4e45926585ec97ef3e653bac52338983f7765,5.8309999999999995,0.0,eridoseudosm14
2026-03-31 05:13:40,day,mentions,76,0x6b0ebbef2630b9a0da35594bf7ddd1911246e3ea,5.532177464000057,0.0,0x6b0ebbef2630b9a0da35594bf7ddd1911246e3ea
2026-03-31 05:13:40,day,mentions,77,0x2f5944662e074803515d8cfebb6214cb921bf807,5.525,0.0,erimpjpgzaccaria90
2026-03-31 05:13:40,day,mentions,78,0xf7240596cdde4106e43b735a1531bf757f6cdfb3,5.3039999999999985,0.0,Quintilianorion
2026-03-31 05:13:40,day,mentions,79,0xad7888efb18d7cec07b14598ab9500c0ef51678c,5.176893100000001,0.0,0xad7888efB18D7CeC07b14598aB9500c0eF51678C-1766509649400
2026-03-31 05:13:40,day,mentions,80,0xfe9339e4eca140c1a16f94a52b5cde4d29768d0e,4.94830036999997,0.0,winexecutescale
2026-03-31 05:13:40,day,mentions,81,0x16d39daf2b27834d685d676365e8e86a42ab5a6b,4.862,0.0,igkblglutinat
2026-03-31 05:13:40,day,mentions,82,0x57c83e0c8019902d6f26e761a96f142a2ee2a12f,4.85903239999999,0.0,johnsmith111
2026-03-31 05:13:40,day,mentions,83,0x81d131a7b47d012ac448c165a41b152ecf9b4e30,4.748733079999852,0.0,Kurald-Galain
2026-03-31 05:13:40,day,mentions,84,0xf8ccc51356ad11e3d884f4beeaca81bb08fe028a,4.620809888000622,15.15,kroko
2026-03-31 05:13:40,day,mentions,85,0x40c2348351024cce5ba6fccd6015b77bbb77b2fc,4.5648046682089785,21.112233,SnowRazer
2026-03-31 05:13:40,day,mentions,86,0x62e1d2960f169083a94c717cd98669eb259b255f,4.4879999999999995,0.0,archktjk3101setong
2026-03-31 05:13:40,day,mentions,87,0x6ffdf781b9fabc368137c1d835644f12b9a6a637,4.1690496959282655,162.85443299999997,ng6000
2026-03-31 05:13:40,day,mentions,88,0x8a7e34a95fabfec938b2a80f54a58b195e23d081,4.041813130000005,0.0,0x8A7e34a95fABfec938b2a80F54A58B195e23d081-1772460209705
2026-03-31 05:13:40,day,mentions,89,0xf648cf9666812d2c93c966a95c8a268b7cd88232,3.9957984729080014,68.971562,0xf648CF9666812D2C93C966A95C8a268b7cd88232-1766183645271
2026-03-31 05:13:40,day,mentions,90,0x4fa61b76442ea0144aeb572213b362559a6804d0,3.8999999999999986,0.0,pBpBnerikejpetr
2026-03-31 05:13:40,day,mentions,91,0xb3d7736055eefc5948890303e6410f755b6f7504,3.8888885,0.0,PhoenixWager
2026-03-31 05:13:40,day,mentions,92,0xe64f8fccef01cdc22da08e3dac1b2991fab36cc3,3.846151925000015,0.0,inuyashaa
2026-03-31 05:13:40,day,mentions,93,0x43cf119ea1428bad2ef32643cc9d4116e4b518a3,3.8200865940000006,0.0,0x43cf119eA1428bAd2eF32643cc9d4116e4B518A3-1774211726734
2026-03-31 05:13:40,day,mentions,94,0x533d066d655ae6b2d27620d30c81a7af828de5ec,3.6900000000000546,0.0,AnnaGallegos2885
2026-03-31 05:13:40,day,mentions,95,0xa9e6108c4816adb2994da7c6820de0eb9a5619f5,3.535013607499991,0.0,Zijp
2026-03-31 05:13:40,day,mentions,96,0x3a90158ba3b8cc5d53706d83aeaa617b250da100,3.500000000000014,0.0,vger7
2026-03-31 05:13:40,day,mentions,97,0x0607f22df5a90c400a2013560ab39cf3b7a10e73,3.4843089049999776,0.0,Tothefutureandbeyond
2026-03-31 05:13:40,day,mentions,98,0x5f8d6f6aae5fe2ec55e4e3b7b8c418f21bff8ad4,3.449999999999932,0.0,KennethRiley5131
2026-03-31 05:13:40,day,mentions,99,0x43f6b56232dc711f54822ae1f531986706fabb1e,3.3799999999999955,0.0,metalevels
2026-03-31 05:13:40,day,mentions,100,0x9b43331e0c1cd8e9330ee516264fd8235e4133ce,3.261475516268031,33.17,0x9B43331E0C1CD8E9330eE516264fd8235E4133CE-1768317980638
2026-03-31 05:13:40,day,weather,1,0xf7a4f1a3716f79e4f588642b5d60e61ddc1cf148,215.6960684105013,0.0,0183648392
2026-03-31 05:13:40,day,weather,2,0xe036873e6443e03b4f6de389fafd20ff0082c94a,195.35318116799976,0.0,wa3323
2026-03-31 05:13:40,day,weather,3,0x505f427946ddfb94bacb92a7a131c8081fe58814,190.83749593400026,0.0,bin7888
2026-03-31 05:13:40,day,weather,4,0x486b4695657102f66a595701106d2dbab87f3ea7,173.55000000000018,0.0,da66ers
2026-03-31 05:13:40,day,weather,5,0x4e25605fd905e9972efc0f4d8814530c655cd7a7,159.96487178107418,115.103427,0x4e25605fd905e9972efc0f4d8814530c655cd7a7
2026-03-31 05:13:40,day,weather,6,0xd75cdfe8fc3e428b4af4942f095b438a7e3cfd4e,155.86419897331507,606.358761,potionarcher
2026-03-31 05:13:40,day,weather,7,0xf2f6af4f27ec2dcf4072095ab804016e14cd5817,146.69722154695773,1344.0,gopfan2
2026-03-31 05:13:40,day,weather,8,0x5e5d2e64729ba4fc104cdf628586b854fa2c9491,128.9660117900001,5.0,0x5e5d2e64729ba4fc104cdf628586b854fa2c9491
2026-03-31 05:13:40,day,weather,9,0x8745951fd01c174c1a399034edc0016279b84805,126.41600000000017,0.0,goiasec
2026-03-31 05:13:40,day,weather,10,0x6400219cccc8eaaa22729253111fd6660d20331a,107.44907243580701,2735.893906,0x6400219CCCC8EAaA22729253111fD6660D20331a-1759869298583
2026-03-31 05:13:40,day,weather,11,0x23d8c538e74324cd56df9197e67e146a29dff6b9,97.1565040169811,678.815832,samanto
2026-03-31 05:13:40,day,weather,12,0xca710c8aeb10752df279055a82a3c0a53c09610b,86.77352164438003,727.856661,0xca710c8Aeb10752df279055A82a3C0A53c09610B-1764559378278
2026-03-31 05:13:40,day,weather,13,0xf2db67c4b2d6bfe7ccb27121d069c3a951e52263,85.08912477041213,5477.716665000001,hotsinglesinyourarea
2026-03-31 05:13:40,day,weather,14,0xb8fca82fafe3735faa7df168582c1e7d709088e1,77.57973108851002,2857.5666520000004,0xb8fCA82FAFE3735fAa7df168582C1E7d709088E1-1730643980537
2026-03-31 05:13:40,day,weather,15,0x82f3458a6a4bec624e692c92d9ed14597f509f82,72.58996992250013,0.0,Pityok1
2026-03-31 05:13:40,day,weather,16,0xf42729d7246dc766e0b06e0b14e9cd44afad15e1,69.01191567850015,0.0,0xf42729d7246dc766e0b06e0b14e9cd44afad15e1
2026-03-31 05:13:40,day,weather,17,0x4e5c2d65703d9f4c155c716774ebcc181cf5d892,68.28337841858593,202.191687,NullHyper
2026-03-31 05:13:40,day,weather,18,0x02bfa8dce65000f3d7962c616a539b51e17e2c62,66.06533476599998,0.0,67wigger
2026-03-31 05:13:40,day,weather,19,0xdbc039cd0003a2476b66cbcad467584cc62f1843,62.527370325434845,189.996665,0xdbc039cd0003a2476b66cbcad467584cc62f1843
2026-03-31 05:13:40,day,weather,20,0xa15b31079bba48d82b116d9ded8572b2b2bd200f,62.46500000000003,0.0,MarcusArias3387
2026-03-31 05:13:40,day,weather,21,0x2602711e5d2af9e88345b60ad3ca77278b1a0ff3,61.35000000000582,0.0,ricky4435
2026-03-31 05:13:40,day,weather,22,0xabbeb2bdd30ba5c51cb14168b068103961648f37,59.303928799999994,0.0,mamai
2026-03-31 05:13:40,day,weather,23,0x85c76bb6c7ba62a3bae7c7d15627e71eaae2ea4e,58.08594000000005,0.0,hamburgerhelperr
2026-03-31 05:13:40,day,weather,24,0x536c2ddcf6440203c6746b59a7d71a2113ec1c05,56.88306818999979,96.7,ylj790308740
2026-03-31 05:13:40,day,weather,25,0x53685989c332366675257535f28abd6d17782d62,56.017156049392725,1483.4182170000001,CaciqueCobraCoral
2026-03-31 05:13:40,day,weather,26,0xc6a1961002ad52f95796cad64e28fa7535d0b1ec,52.44835636429298,574.97,Vexor
2026-03-31 05:13:40,day,weather,27,0xfd8e46519d0a8f9c35e5010ef4e7f56f7583aea4,51.64847606596322,1022.4023729999999,oleksiyz
2026-03-31 05:13:40,day,weather,28,0xc41dec9c89c6eada0b5a9ce6c2e9b2dee06cc51d,51.5217268101369,375.56,prof1novich
2026-03-31 05:13:40,day,weather,29,0xf0eb311a3aef61c107cdca2da7ea07ed03343ae9,50.1337781499999,0.0,xiaopapa
2026-03-31 05:13:40,day,weather,30,0x8de2cebd8ec4c7ed023347d2aad27b3fe08e8483,48.88691538249975,95.4,tomatosauce2
2026-03-31 05:13:40,day,weather,31,0xe68ca3f965d7bf34f8473403d26d066912a3779d,48.59921377999967,17.130000000000003,Csage
2026-03-31 05:13:40,day,weather,32,0x7b236f1d45af652bd89df5c95ee446c393b10d60,48.09246999999999,556.0,ahhdumbo
2026-03-31 05:13:40,day,weather,33,0xd9c971629065bfd897db637070f1fd1bd4787e10,47.109441325003445,784.860815,0xD9C971629065bfd897Db637070f1Fd1BD4787E10-1763109083094
2026-03-31 05:13:40,day,weather,34,0x637255c4dd7df2508f4e585944e796994fb84a25,46.625324258203705,332.40912899999995,0x637255c4dd7df2508f4e585944e796994fb84a25
2026-03-31 05:13:40,day,weather,35,0x9e369630b26263e45e6c9670ed0a19c002eb508f,45.89664905500001,0.0,0x9E369630B26263e45E6C9670Ed0a19c002eB508F-1773584159687
2026-03-31 05:13:40,day,weather,36,0x7a4c52e01fcadcc538f9c8978562a1c045171116,45.77015033314899,577.847123,WB888
2026-03-31 05:13:40,day,weather,37,0x9baebe30d1cefe0ac5be4be85189c9fa33e95d34,45.63121639199997,0.0,tinman2
2026-03-31 05:13:40,day,weather,38,0x5a97206795de10e0e8e54ae5f7d21e3d8c479319,44.923656798000096,0.0,Bucentaure
2026-03-31 05:13:40,day,weather,39,0x1f66796b45581868376365aef54b51eb84184c8d,44.5690916017993,405.38123599999994,Maskache2
2026-03-31 05:13:40,day,weather,40,0x612d8534fb41c0500b4d8a9cd32431bc07373fd1,44.229999999999905,1107.0,JonathanMendez6710
2026-03-31 05:13:40,day,weather,41,0x9c9a9cba2a0b69f50cac26ecb43a85d0d52e9c77,44.06075549400066,0.0,azr
2026-03-31 05:13:40,day,weather,42,0x9d84ce0306f8551e02efef1680475fc0f1dc1344,43.8707651849968,0.0,ImJustKen
2026-03-31 05:13:40,day,weather,43,0xba3a00ef09e4d03b1f81f4c04ee73e8fa250e041,43.344096295360714,498.88401700000003,0xba3a00ef09e4D03B1F81f4c04ee73E8Fa250E041-1767771563684
2026-03-31 05:13:40,day,weather,44,0xd1abcaed1a22acdc3f55efb6e01d2422072056e8,41.15100000000007,0.0,RichardHicks8753
2026-03-31 05:13:40,day,weather,45,0xc0b2af148bf7aa2049b01376321312c30f7a9d96,37.78449999999992,0.0,roboraptors
2026-03-31 05:13:40,day,weather,46,0xbf57e5e4cf4605db0b4b7d2b76da735249ab588e,36.885000000000055,0.0,EdwardBryant6165
2026-03-31 05:13:40,day,weather,47,0x53227e255a5577d50eeb3672a2225d40d05c95e1,36.854999999999905,0.0,JamesBarnett3368
2026-03-31 05:13:40,day,weather,48,0xdcfa3917f5fa85146fc0510481551d6d44d21542,36.38713041000028,1502.0000000000002,PMpredictor123
2026-03-31 05:13:40,day,weather,49,0x443c93e52462ad41b18d924c9fa9a7c1a5985fe1,36.36225577999983,47.0,SonicTheHedhehoh
2026-03-31 05:13:40,day,weather,50,0xe0dcc05376176f9f9e5160b9aae6f51e2ca93944,35.23527209699978,0.0,Dr.mett
2026-03-31 05:13:40,day,weather,51,0x293bdeb8fc4ce6d519ccaf0cff9893a94afac83b,34.97000000000003,0.0,JenniferJones8193
2026-03-31 05:13:40,day,weather,52,0x3141ddc461422daaf1458024713721887e57f16a,34.81166168800001,0.0,bdsv
2026-03-31 05:13:40,day,weather,53,0xd934049d1369190c9307fff692211cd323cd60a0,34.46072651517352,4189.778475,0xD934049d1369190c9307FfF692211cd323cD60A0-1723092059589
2026-03-31 05:13:40,day,weather,54,0x653730ff6e48274089d00e16e8edf54d3b68fcec,33.68000000000002,0.0,ElizabethMann3608
2026-03-31 05:13:40,day,weather,55,0x1ddcd2cd8a79aae926e815ac40bbc4eafba2a869,33.33740829000004,135.633629,caspius
2026-03-31 05:13:40,day,weather,56,0x0bcf42331cffa060f54778476d90f7c3a6739ac2,32.99995783899885,0.0,Belk
2026-03-31 05:13:40,day,weather,57,0x1b31372b2f050a8a21a694005c13d3599846852c,32.93555714650029,841.297646,NotaForecaster
2026-03-31 05:13:40,day,weather,58,0x7bff96579b20fe3530e140d6a3c223c9f2127cd6,32.355094060005285,33224.93,KingZeManel
2026-03-31 05:13:40,day,weather,59,0x74db2780445d9b7b10e8a650db1b94f8e53c4ca5,31.999982000000045,0.0,vk7
2026-03-31 05:13:40,day,weather,60,0x7de7cbeba7e2ea14c6445be39d4d46a3cf14a9c8,31.77629656499971,0.0,inventive
2026-03-31 05:13:40,day,weather,61,0x29506eba1ffcf4f02ffffcfd2ee5f1ecb961ffea,31.720000000000027,572.0,AnthonyBeasley5530
2026-03-31 05:13:40,day,weather,62,0x118689b24aead1d6e9507b8068d056b2ec4f051b,30.021451763001096,0.0,russell110320
2026-03-31 05:13:40,day,weather,63,0x8afbe0620e2e2007c680b28b12250531d4ca7f1c,29.332813024000075,0.0,589985
2026-03-31 05:13:40,day,weather,64,0x497396d837e6433c7e9bd003832515f54ffb5527,29.330911061019606,1287.2605870000002,0x497396d837e6433c7e9bd003832515f54ffb5527
2026-03-31 05:13:40,day,weather,65,0xa49b6ea0a604c581f2a9569db42c192b1c487054,29.014367301086168,6104.692492,387411007415611814092217897387
2026-03-31 05:13:40,day,weather,66,0xc3c9083f13b219dcbb6b81b2d6877a58ac5aaf45,28.86000000000007,0.0,RebeccaSalinas1108
2026-03-31 05:13:40,day,weather,67,0x391dd6c65880963a94da3fb2d31ef419fe5bdef1,28.859895126508263,277.35650799999996,rocky42024
2026-03-31 05:13:40,day,weather,68,0x465357c2482c339cf36d258ca54f586763da65c5,28.019999999999982,0.0,robicheaux
2026-03-31 05:13:40,day,weather,69,0xec4af5568e4e756b25047c706a88ff87d66749e0,28.00003187499999,0.0,megamax1
2026-03-31 05:13:40,day,weather,70,0xf5a202bb5315ecd8aea13dd4a7af2620972cc1b9,27.784111080000002,0.0,0xF5A202bb5315Ecd8Aea13DD4A7Af2620972cC1B9-1761782383366
2026-03-31 05:13:40,day,weather,71,0xa234bdc751080ba6c4d2c7462523dbc27791f7eb,27.77816074300017,0.0,calvinhobbes123
2026-03-31 05:13:40,day,weather,72,0x5c5526f6580673885a688f156be1ec18db836bbe,27.559999999999988,0.0,LisaSantos8792
2026-03-31 05:13:40,day,weather,73,0xf95f94fe4d7550eab97135e81ca654217e73f988,27.3741,0.0,Boberts1
2026-03-31 05:13:40,day,weather,74,0x682dbb961b8b4c4c99d9d56557d5ad68847e4cd6,27.30002574199898,358.045555,St3f
2026-03-31 05:13:40,day,weather,75,0xa5303c3d6321892667739ea611f2f6cb8a5188f6,27.16356922232501,949.8263250000001,NixNov008
2026-03-31 05:13:40,day,weather,76,0x8d46113e2634fc9fd48b8c14d06e206748f7cf8b,26.29748076750184,693.81,sj49dk2
2026-03-31 05:13:40,day,weather,77,0xe7c302a79649a2a90c9cdd14523d7c0fb2e4d4b0,25.624313137499982,0.0,Panhandler
2026-03-31 05:13:40,day,weather,78,0xf397068fa02ee20639d54ae4595efeeff595e1da,25.39940000000002,0.0,Kidpoker007
2026-03-31 05:13:40,day,weather,79,0xcd4b91ffb66511c20d92f9f8a257247b15408aa4,25.0,0.0,cryptopsychdoc
2026-03-31 05:13:40,day,weather,80,0x140891ee5c1214859198b80f0a5a4880ba57b4f8,24.9464296160113,2354.10348,tthahaha
2026-03-31 05:13:40,day,weather,81,0xba63d3a0105a3c01bfa561015c36911c8d1536dc,24.827745490000325,5979.51,0xBA63D3a0105A3C01bfa561015c36911C8D1536dC-1769606304708
2026-03-31 05:13:40,day,weather,82,0xa3c2ec158f222f3f4f5f4f57b113d761a4d3df3d,24.443106899002714,6375.413937000001,0xA3c2EC158F222F3F4f5F4f57b113d761a4D3df3d-1774679893278
2026-03-31 05:13:40,day,weather,83,0xc1b9049b86cb19ff62c5073e72879b86cc327ce7,24.38262494999985,8310.830000000005,kingofmoney777
2026-03-31 05:13:40,day,weather,84,0x035aea735582b1987a86c5e3f0958db5b161ff68,24.351346285482038,1213.479107,0x035aea735582b1987a86c5e3f0958db5b161ff68
2026-03-31 05:13:40,day,weather,85,0x39fd921acf9be28b17a422bf624dc6b30685849e,24.293130365001616,57.980000000000004,human.bean
2026-03-31 05:13:40,day,weather,86,0x3d7e0adf319ad51e9825f07b50e7ed075a43ad97,23.869489819499904,689.0,yschang
2026-03-31 05:13:40,day,weather,87,0x98d973b69565d3564b39f364cc1bf73a62db2c8c,23.776821357417987,76.986338,GoodOldBogan
2026-03-31 05:13:40,day,weather,88,0xc10610f037e17a0d7b7f6e2812f5c449a069b26b,23.515262775291063,1828.990393,EnNTY
2026-03-31 05:13:40,day,weather,89,0x77b5acecbc67d1bef9b63ab6ff3dc886ef809170,23.231627554597253,5023.932675999999,bulbnbob
2026-03-31 05:13:40,day,weather,90,0x59d4a69c0da718e44ff33f8690c314481157b745,23.145718667999063,831.0268800000001,defiwalker
2026-03-31 05:13:40,day,weather,91,0x6dceb84cb3b8f003c8c4db52c5554303070f4490,22.855980751818606,560.152157,Kimuchi
2026-03-31 05:13:40,day,weather,92,0xcabd302ac62d6c809faf57d97427a20df5f63764,22.644999999999982,647.0,KristineHayden1977
2026-03-31 05:13:40,day,weather,93,0x1dd86ce41597cddf0f1218daccfa6cbdb375757a,22.56499999999994,689.0,igive
2026-03-31 05:13:40,day,weather,94,0x22f4a6463729a6b46864a8d1e4ed64cf276471f6,22.21843720999999,0.0,JLLEE91
2026-03-31 05:13:40,day,weather,95,0x447afd1d574b0391705f2e680a8bd45023628227,21.903407231999978,0.0,tickletheticker
2026-03-31 05:13:40,day,weather,96,0x4a91ee3ef8d4257dac7b758eccf46950acb1983f,21.35668620999985,255.60999999999999,wtruffle
2026-03-31 05:13:40,day,weather,97,0xffe0fe97dc52f69d17df0b6a0490b9b5f152919e,21.06221011683192,636.759235,Weatherqueen
2026-03-31 05:13:40,day,weather,98,0x1e758541ee0a14a61a8ac54676ff6af61d414e58,21.0,0.0,makesueer554
2026-03-31 05:13:40,day,weather,98,0x42c98b007f9e99f5bad93233f6aa7efbf50af211,21.0,0.0,0x42C98b007f9E99F5bAD93233F6aa7Efbf50aF211-1771508121644
2026-03-31 05:13:40,day,weather,100,0x55d6c0302437bd6ec7a5519fe5cbe7750049b992,20.6466445665,0.0,0x55d6c0302437bd6ec7a5519fe5cbe7750049b992
2026-03-31 05:13:40,day,economics,1,0x96489abcb9f583d6835c8ef95ffc923d05a86825,5162.002439178148,1734.124538,anoin123
2026-03-31 05:13:40,day,economics,2,0xf66166919d7d7afc3406d2dd36dd954a2f822259,1996.0093262999944,0.0,suvorov
2026-03-31 05:13:40,day,economics,3,0x7420b565f900abc90eb30db403bfe4d3fb1426e2,1445.7100954499947,0.0,0x7420b565f900abc90eb30db403bfe4d3fb1426e2
2026-03-31 05:13:40,day,economics,4,0xdcd669c506a938bae9269a84b8bd2bdb220484cd,1398.6368519819807,0.0,thegreengem
2026-03-31 05:13:40,day,economics,5,0xcc033f89eb48f85ed62b727f0745bb651578d5c0,1257.0905671703713,146.738535,zhaoyk
2026-03-31 05:13:40,day,economics,6,0xdbade4c82fb72780a0db9a38f821d8671aba9c95,1017.0289103920004,0.0,SwissMiss
2026-03-31 05:13:40,day,economics,7,0x1c72797cd4b9b83f42e287144e334c4de347dfb6,910.8430735129878,0.0,peasant
2026-03-31 05:13:40,day,economics,8,0x8ccedcdd40c9623a524c2e734879fc397b865c11,749.7504923999984,0.0,frostnovae
2026-03-31 05:13:40,day,economics,9,0xfee74543cca6e0477a1359118f66798e9c10d07a,649.125,0.0,agraw
2026-03-31 05:13:40,day,economics,10,0xdc4f08727c65afc4731b75cf1ed265666b7b4652,647.2458988400176,0.0,third-eye
2026-03-31 05:13:40,day,economics,11,0xa9fe4929d4ea1525ca03bd0ff68ea1fbf9e7f135,643.9464015499998,0.0,novv25
2026-03-31 05:13:40,day,economics,12,0xcd9cb35ef95be58d75e8a6a0d68b8ed599e49b0a,584.70614578,0.0,Mozera
2026-03-31 05:13:40,day,economics,13,0xcd95ebd0d0d099fa442b9730991f2b8be5d28c17,547.1572604999985,0.0,2117
2026-03-31 05:13:40,day,economics,14,0x5d2f66b260702f5c3404afdff4cf6dae1bb45034,471.9212889999999,0.0,0x5d2f66b260702f5c3404afdff4cf6dae1bb45034
2026-03-31 05:13:40,day,economics,15,0x0cd7bea497efb9220105858617f0cd660d0a78e0,470.34250675999994,0.0,SirJason
2026-03-31 05:13:40,day,economics,16,0x8597ca63e722d6216bfc3057591fdc67ec49daee,469.25752172599914,0.0,Mr-Krabs
2026-03-31 05:13:40,day,economics,17,0x7bb244d0c70293e66dee84f3d0623fbbbf7d682c,460.93115389999,0.0,WongKimArk
2026-03-31 05:13:40,day,economics,18,0xed107a85a4585a381e48c7f7ca4144909e7dd2e5,451.28436270484235,0.0,bobe2
2026-03-31 05:13:40,day,economics,19,0x80a0da00fbdc8440b0ef601341f14c3e24795708,451.0642364100004,0.0,de5nuts
2026-03-31 05:13:40,day,economics,20,0x33dc4cd4a175180fda291f2ab1876e03e247bb81,447.42052504050116,0.0,hawkj
2026-03-31 05:13:40,day,economics,21,0x436f969d99c90191fbc2c629e6b7a1b754402c7f,441.3601669999998,0.0,0x436f969D99c90191fBC2c629e6B7a1B754402c7F-1772236065502
2026-03-31 05:13:40,day,economics,22,0xde0463ea7f611b065e8ab06bbfbddad75e6dfa37,426.2271415140476,3927.2099999999996,mwenya
2026-03-31 05:13:40,day,economics,23,0x3f71a5e8ddd949d0020bb0e1950df1746d1d9c46,406.13037474000066,0.0,MrBobo
2026-03-31 05:13:40,day,economics,24,0xa81eefec9c08fa157d855f1ac5caf8feab1903dc,400.7679999999982,0.0,Snow-White
2026-03-31 05:13:40,day,economics,25,0x27e56917c5c7c5ae7662b85cf86c289bfc39fb20,392.55567031668033,25.65,AdjunctBias
2026-03-31 05:13:40,day,economics,26,0xd3ecb2aee0d65622da559ff356b00e8c2e626603,365.6041034929988,0.0,sabsabinxz
2026-03-31 05:13:40,day,economics,27,0xf1629522ce3d5e4cb3d6e61ca0cdb980b47fba35,362.99396255,0.0,bottling
2026-03-31 05:13:40,day,economics,28,0xcca90a5d3c8f2d6663817e3650d6adbe9ab44c9f,349.8906275499994,0.0,0xcCa90A5D3C8F2d6663817E3650D6aDbe9aB44C9f-1772395966516
2026-03-31 05:13:40,day,economics,29,0x014c4e7ae2145992861c2d1b124af633a97f820c,347.9109197669968,0.0,Hyperlong
2026-03-31 05:13:40,day,economics,30,0xe617861a96631d7cefdb1ad43e95c33b5946f251,339.111427197,0.0,0xe617861a96631d7cefdb1ad43e95c33b5946f251
2026-03-31 05:13:40,day,economics,31,0x791e0a77a8f3dcf51c807fbe66defdee506817dd,304.5119772369999,0.0,looserb
2026-03-31 05:13:40,day,economics,32,0xfe726a6efb705a7e17f8200919b1f05a8a17f18c,302.43916834999993,1206.28,0x6224d0ca562475644c59eb387d122aff
2026-03-31 05:13:40,day,economics,33,0x3a8aa345d5db7ec5138298c8c4f4540259be7699,290.46630517049925,0.0,TheReturnOfDarthMaul
2026-03-31 05:13:40,day,economics,34,0x0ced4f3afa5d9bfbd7ab82fd124896a7160c12b2,267.71572849998483,0.0,AlmostAndy
2026-03-31 05:13:40,day,economics,35,0x9f66aa958734d9d5af35f5f19a276d23e84f3a50,263.44131536149985,821.36,MrMelonHead
2026-03-31 05:13:40,day,economics,36,0xbdea1d79a2b530a5f23e5d7c2eb906a52ee720b1,257.1656708499995,0.0,05729834
2026-03-31 05:13:40,day,economics,37,0xc97b0b2a2547bb3ed57167092ef8a6e816c347e5,250.00000252799998,0.0,0xC97b0b2A2547bB3eD57167092EF8a6e816C347E5-1770003388001
2026-03-31 05:13:40,day,economics,38,0xba02d190afef733b1aa27b9062e377f70750872e,247.9999999999991,0.0,Ent1
2026-03-31 05:13:40,day,economics,39,0x353c33595988322b954b7fa8ff71d9fb254a2af5,246.95473838999897,0.0,MaxPowell
2026-03-31 05:13:40,day,economics,40,0xb1a279adb096d316b1b168993e8ed976d3cd372a,237.3301700000302,0.0,TwoEyes
2026-03-31 05:13:40,day,economics,41,0x8e77537e059837d3c2ca5b4efe75e74e9498c4f3,229.29721192000034,0.0,dwpoker
2026-03-31 05:13:40,day,economics,42,0x5a3033f65bf178eb7d85bdd7bf40ca3230f8debd,225.1095593659993,0.0,GingFring
2026-03-31 05:13:40,day,economics,43,0xc8ab97a9089a9ff7e6ef0688e6e591a066946418,222.5534627297311,8487.678898,ArmageddonRewardsBilly
2026-03-31 05:13:40,day,economics,44,0x04ec75cbba2a7f2407eb0a48a8468d25ee14580f,221.44243749999987,0.0,K1ngN0rth
2026-03-31 05:13:40,day,economics,45,0x1cea7192af5d7b1826083a19c5be75115a2df32a,220.5338123580001,0.0,goask
2026-03-31 05:13:40,day,economics,46,0xd001533fab95beb03797e273700fc4f5cbbe3cea,201.59999999999968,2520.0,cluk
2026-03-31 05:13:40,day,economics,47,0x945fdb19e8a982bcaa89709f317701d474708125,200.06849309999996,0.0,b4nd9t
2026-03-31 05:13:40,day,economics,48,0x0a6d26d31b28fd5a84c301f8b27296612f3b1d0a,192.37250053775915,82.429377,Bikesarethebest
2026-03-31 05:13:40,day,economics,49,0x9d736920e486176e7df7a76fa218f1ebd853216b,189.8795175908192,632.0899999999999,AlAhmeda
2026-03-31 05:13:40,day,economics,50,0x72331957933c31bf27b0c506fce855cb055af0ea,186.30000000000013,2484.0,JeffreyCalhoun1112
2026-03-31 05:13:40,day,economics,51,0xdef3f83dfdf29cd6f6cc693e534f0919a7450724,185.49297660500008,1030.51,RandomName958
2026-03-31 05:13:40,day,economics,52,0x5c7d98226c36fbc5c69a5a33ab0f7a2be64e6cc4,181.955334375,0.0,Forensics
2026-03-31 05:13:40,day,economics,53,0x1e1f17412069c0736adfaadf8ee7f46e5612c855,180.0997839745005,0.0,Brokie
2026-03-31 05:13:40,day,economics,54,0xb8ee94bd599a92d4747dda5f3bc6d2b243349e81,179.75773313571796,161.36,0xB8eE94bD599A92D4747DdA5f3bc6D2B243349e81-1765943326811
2026-03-31 05:13:40,day,economics,55,0x68c24bf4a8ad4d79a6fe4b8eec6f93a02dfd1711,177.51799226801086,0.0,mombil
2026-03-31 05:13:40,day,economics,56,0xbc1dcd7b21793ebbced7ab780c3b00d6a356e2ff,177.40405775,0.0,endangered.species
2026-03-31 05:13:40,day,economics,57,0x2549bb8fbb4f053ce55a88ff387525382d0874f7,175.04959974999974,0.0,akula1993
2026-03-31 05:13:40,day,economics,58,0xdf705353876ceb2549f0c03ffcb4cba33d785e92,173.33812282099825,0.0,AngryRhino
2026-03-31 05:13:40,day,economics,59,0xa2417925070121ed571d23cb846aebcaa2d745f7,172.27301157700003,0.0,888-168-888
2026-03-31 05:13:40,day,economics,60,0x4e9ccca02f64a44f24d3b1f80dcea0cec90bd1be,170.3998299999998,2130.0,readinghospital
2026-03-31 05:13:40,day,economics,61,0x9bcada74fbcaa331afecdf7e861fbc9532ecca1f,151.89829231900512,0.0,rooivalk
2026-03-31 05:13:40,day,economics,62,0x25012ec798e4861e38c645df919f86dc3c177e28,150.0,0.0,opri
2026-03-31 05:13:40,day,economics,63,0xdaef2be2a19ad331737d06545f85615b094554e9,149.99942290000035,0.0,UCF-BIGGEST-FAN
2026-03-31 05:13:40,day,economics,64,0xe54d37c9c12e5fd3d684ff4d193ef1f44dabfdec,149.9979697499998,0.0,hobo69
2026-03-31 05:13:40,day,economics,65,0x264cbb7263b0c336c58fb5a5de1773896e6bbaca,149.08367281950018,0.0,sdhyky
2026-03-31 05:13:40,day,economics,66,0xc48526beac5dd8444a60e9c9e8666a3f970cc2a2,146.20305224000003,0.0,pizda1
2026-03-31 05:13:40,day,economics,67,0x5e9b3234eb128e913771d66cdc9b84de7525f335,138.74446418468688,2341.39,0x5e9B3234Eb128e913771d66CDC9b84de7525F335-1771790314814
2026-03-31 05:13:40,day,economics,68,0xa0d3909f97ef568bd7089c16c1f5ac6617145b5e,137.06461389605465,470.0,pooter224
2026-03-31 05:13:40,day,economics,69,0xc124bd6e5d91489b66c987dfa72bcd8de37a25cb,134.04351429900044,0.0,Krzysio
2026-03-31 05:13:40,day,economics,70,0x034475def048324ad32d87c5fd90e99f0f7b2538,131.40988964599092,0.0,Yeueu
2026-03-31 05:13:40,day,economics,71,0x20b47c4644597aab4840b1c8435639e99812e8aa,129.61292808200233,0.0,0x20B47c4644597AAB4840b1C8435639e99812e8aa-1770760834192
2026-03-31 05:13:40,day,economics,72,0x1a3fb05e94caef23e28905767cd603eb574a6dea,128.64399999999978,0.0,alextalley
2026-03-31 05:13:40,day,economics,73,0xcd1dcfc27f641f6d995e8cb85982511d703433aa,128.01675565000005,0.0,0xCD1dCfC27F641F6d995E8CB85982511D703433AA-1760343471672
2026-03-31 05:13:40,day,economics,74,0x6f7b549e2537dd052e54f1b2cb2ffc18750b62de,127.90249984999969,0.0,axelrod1312
2026-03-31 05:13:40,day,economics,75,0xc61e2b6ff7a0d34a518f45b60954d05f34de244c,127.68432174900067,0.0,0xC61E2B6fF7a0D34A518f45b60954d05F34DE244C-1770198330686
2026-03-31 05:13:40,day,economics,76,0x00d2ebb4da03856cf1a795bd2513b23260d7fb50,122.28867600899991,0.0,coolquail
2026-03-31 05:13:40,day,economics,77,0x9ba7ebf3fc96ab54e25fdb62555ea5b0df5fa833,121.12843325500035,0.0,BondSeeker
2026-03-31 05:13:40,day,economics,78,0x0ffcad4963e25dc150774363f4061ebe840c8236,120.34546892804792,0.0,perfect_nostalgia
2026-03-31 05:13:40,day,economics,79,0x269ced0ede348b4b3f8fd8470b19f65508f79017,119.99996864999412,0.0,allen111
2026-03-31 05:13:40,day,economics,80,0x40471b34671887546013ceb58740625c2efe7293,119.95583285000248,0.0,Frank0951
2026-03-31 05:13:40,day,economics,81,0x51fd8f0358cc9e8a1ee5f87a0c7e3b07ed634272,118.64931751050972,0.0,TimeTraveler
2026-03-31 05:13:40,day,economics,82,0x80a4552cdcde3b861b8adc146ab1fbd4711022cc,114.39323437049461,0.0,puravida
2026-03-31 05:13:40,day,economics,83,0x7cf93583951552553bc0d243a8582a3410ed2798,114.16752366715082,1.04,SheltonDoubter
2026-03-31 05:13:40,day,economics,84,0xa894ea33568d17d902d8b548ca5c316cff5553da,113.15406149549926,0.0,jankozak - 35641
2026-03-31 05:13:40,day,economics,85,0x8172489fc86d9b01ff670be454db3e9701890889,108.00703974251974,50.532239,pitco
2026-03-31 05:13:40,day,economics,86,0xd48a81db62f742c4e42d86dfc23a7ee345366e90,107.60698727099953,0.0,NiFengFanPan
2026-03-31 05:13:40,day,economics,87,0x7cde9cc2fc1ff9556b5167aaaa6fc5b3ce0ab97d,105.66904093399353,0.0,allen114
2026-03-31 05:13:40,day,economics,88,0x539cadd00c32aa5aac815573940c5cf50eb92376,101.64638805000004,0.0,0x539CAdD00c32aa5aaC815573940c5CF50eb92376-1767975083675
2026-03-31 05:13:40,day,economics,89,0xb6f6c787df254b27988dcd6a648d41a1e34e3075,100.00094719149983,0.0,Yogi.Bear
2026-03-31 05:13:40,day,economics,90,0xbca69be5edef416ba701f9a3a2983efdf58273e3,99.99993124999992,0.0,r888
2026-03-31 05:13:40,day,economics,91,0x277e6718cdf00f4f887d17589895ae031a337d32,99.99754479999979,0.0,aiwar
2026-03-31 05:13:40,day,economics,92,0xe2b1fc269d0c2e27da11fadd1d9596fe28227d2a,99.99642764998134,0.0,New.Jeans
2026-03-31 05:13:40,day,economics,93,0x856f95bfdbb9b1401cfe56274c9a08df1e8ae1d7,99.29829032399948,0.0,55BURGERS55FRIES55TACOS55PIES55COKES100
2026-03-31 05:13:40,day,economics,94,0xfdfca60e7aebfc50dfdc40c27987970aa9c1288c,97.00876778800011,0.0,Polyticks
2026-03-31 05:13:40,day,economics,95,0x3e887528098ca040fa89f832bce604d99987df66,96.82821784999987,0.0,jayames1990
2026-03-31 05:13:40,day,economics,96,0x465c9fe82a6585983764cf718768a1ba368c6e53,96.71999999999991,1209.0,JosephWebster7798
2026-03-31 05:13:40,day,economics,97,0x35877d5656cb71b00819e70b97051013b88123ad,94.82426910000027,0.0,ditto555
2026-03-31 05:13:40,day,economics,98,0xeb22f4735df6bd5d14e1b5fd10faefa7757d808a,91.62082991699663,0.0,BigRabbit
2026-03-31 05:13:40,day,economics,99,0x508212fa8e10afce25025422161c15c68b8b049d,91.40650000000016,1000.0,Rebecca-95
2026-03-31 05:13:40,day,economics,100,0x54e15a0a77e3147ac78831804e5dde13cb589d5a,91.01027107849768,133.71056299999998,0x54e15A0a77E3147AC78831804e5ddE13cB589D5A-1751890072021
2026-03-31 05:13:40,day,tech,1,0x413f29bc7f5ce2a2d8d28fb3a8b5d75199d247f3,890.0853675199987,0.0,luckyfly
2026-03-31 05:13:40,day,tech,2,0x4853612a3ec6cb9139c96284aabbb10d6655fa56,474.7789661399993,0.0,eightywan
2026-03-31 05:13:40,day,tech,3,0xfee387b693a098cd36a34360ce8de023ca8ae3ad,419.37489383999946,0.0,HappyEnding122
2026-03-31 05:13:40,day,tech,4,0x5544d4b43fe9a1aecc2742696bcca2aef520bb1a,188.70466139999985,0.0,INSRYAN
2026-03-31 05:13:40,day,tech,5,0x9c660d56752ef267126a29b40d35031a8b2321eb,115.46123677500009,0.0,cityBoiii
2026-03-31 05:13:40,day,tech,6,0xbcc00f27b93256d4609095befc4d2e34adf38126,102.8485635879997,0.0,lessbut
2026-03-31 05:13:40,day,tech,7,0x5c602835e727c15c3fbcb03039a45dcc55b767c1,99.51719007000065,0.0,HotDogs
2026-03-31 05:13:40,day,tech,8,0xc7ad48ae5216c59c8576155ba444ed145f4d8e81,95.13787677000028,0.0,loserjj
2026-03-31 05:13:40,day,tech,9,0xe80e8498ed55be13f85d9713b73c622e54659211,82.41621364500008,0.0,gagagagagaga
2026-03-31 05:13:40,day,tech,10,0xb3fe2aeb7f5c6a2dc0cb3d9dbb009fa7c7b54a24,78.00397729799988,0.0,hortikkk
2026-03-31 05:13:40,day,tech,11,0x1057e7d3ddafc60a4aeb10a2bc5b543792449ea5,76.81916857947363,0.0,Macks22
2026-03-31 05:13:40,day,tech,12,0x731c34cd5ea5a7ba7c8101b9978724cbb57a637d,73.80498955000007,0.0,RiskyyLemon
2026-03-31 05:13:40,day,tech,13,0x14619de097b1fbe058d6d36282662c20958a30a1,63.04140145000005,0.0,fwed33
2026-03-31 05:13:40,day,tech,14,0xafcbd45dcd744d5c1fe501814b34f2685511fead,51.999999999999986,400.0,taotaowang
2026-03-31 05:13:40,day,tech,15,0x8168195505c66cc4c2eff831e343ae936d1390e7,50.21955502600008,0.0,BigAII
2026-03-31 05:13:40,day,tech,16,0x9156a730e860bcc05d55f4058a860d6a7f6ce72a,48.54696452500008,0.0,0x9156A730E860bcc05D55f4058A860d6A7F6Ce72A-1768771812344
2026-03-31 05:13:40,day,tech,17,0x28c39a9fa9f3fbf7de6067c0247e48176972da06,45.96282297000016,0.0,BlackswanDefi
2026-03-31 05:13:40,day,tech,18,0xe53d04c61f93f631be02c72199808c34c8928ab8,41.8,440.0,RicardoJones4589
2026-03-31 05:13:40,day,tech,19,0xc427980d20632c60c5a43fb689540c7f6f776f4d,41.66303058,0.0,kastetem
2026-03-31 05:13:40,day,tech,20,0xb7606d0d3719c88f9b868a13015881af5222ccd7,39.41678092999973,0.0,theta-thunberg
2026-03-31 05:13:40,day,tech,21,0xacb18dd5604cac86ed3108453aca68f109d01b1d,38.05021049999999,0.0,Tpezaske
2026-03-31 05:13:40,day,tech,22,0xb7a05522d34002e1f73676f5b6f647e80364612a,33.00037697999994,0.0,Microsofft
2026-03-31 05:13:40,day,tech,23,0xa221c5e08cd73a2da606cfccb9299dfbb9392a0f,32.90541275199996,0.0,fvckingbot
2026-03-31 05:13:40,day,tech,24,0xcc0d4ceb5016eee9ab68213a2a684bf5646a8ea3,31.012475100000017,0.0,rewardfarmerr
2026-03-31 05:13:40,day,tech,25,0xc3262aeb0bd81deab067726635f5b5bd39201db1,30.35126249203836,69.83,X-Rabbit.Sezu
2026-03-31 05:13:40,day,tech,26,0x6302cdefa498e7174dd0fcd6b06652a38eae7917,30.000012667999727,0.0,0x6302CDeFa498e7174dd0fcD6b06652A38eAe7917-1720863615256
2026-03-31 05:13:40,day,tech,27,0x68ce1dca4bb10506e666a5f3d62c0ca490a1a827,29.04976721999997,0.0,OnIyNo
2026-03-31 05:13:40,day,tech,28,0x861b0822b4b1828fb87b7aebbdadb59d3d991c5a,28.92212713799989,0.0,MOYUTest
2026-03-31 05:13:40,day,tech,29,0x6192578e81044bd1106b1c8169b302166e9412dd,28.845522114000005,0.0,koy9104
2026-03-31 05:13:40,day,tech,30,0x0b644e443a404159a7b5ca4650cf2444b13549bd,27.6332010000001,0.0,Gdub
2026-03-31 05:13:40,day,tech,31,0xfc7612db87dc5d3b234fb673eda2858f9de00ad0,26.855099999997037,0.0,lisra
2026-03-31 05:13:40,day,tech,32,0x85874640d7af8e31e5b6f0700d117fd53933fa45,26.823788614000023,0.0,0x85874640D7Af8E31E5B6F0700d117Fd53933Fa45-1771572437321
2026-03-31 05:13:40,day,tech,33,0x29de663a913637c3615edc3e3b3f509b86745c1b,24.408399999999887,0.0,DeBudd
2026-03-31 05:13:40,day,tech,34,0xc25120b27e01031b2122f74488dcdb077a78b9c3,23.999203903999955,0.0,TTbilly
2026-03-31 05:13:40,day,tech,35,0x41ab5a4cee5f6405e2e901693f09a1a39abe6473,21.915464991998306,0.0,wengdavidng
2026-03-31 05:13:40,day,tech,36,0xe7b1655ecbed6a8481d0008a0809bdb8c72c9643,21.599385659999967,0.0,OpperHeim
2026-03-31 05:13:40,day,tech,37,0xbb9f224569285cb57f433bbe2e71f9b8a11b557b,21.25132115000001,0.0,rocky42014
2026-03-31 05:13:40,day,tech,38,0x3826090d3bec290b0952425492a79d6fa17484ef,19.999916600000034,0.0,Parasite
2026-03-31 05:13:40,day,tech,39,0x00bf4648a330c8dd0ff1d36e3d25995ee6d03a0e,19.120899999999892,0.0,Lasercat3977
2026-03-31 05:13:40,day,tech,40,0x58e73a4fde750e1730d053dfc1fe08b110bcbd6c,18.49638782400052,0.0,researcht
2026-03-31 05:13:40,day,tech,41,0x0b875836205d170956041e95ee97e87f5f819414,18.317373454000002,0.0,ggrrrrrrr123
2026-03-31 05:13:40,day,tech,42,0xb51b3beffd13cde071ed799e70a7b0b598e8b4d9,17.66192855999998,0.0,cambridgeisaac
2026-03-31 05:13:40,day,tech,43,0x4985153fc851f9dcfdaa5021a533e8f0dcff28bd,16.680844969501777,0.0,mikka101
2026-03-31 05:13:40,day,tech,44,0xd167e6902558d89b814a049263c773f51b7e38c7,16.49727340000001,0.0,JohnAndrewOwen
2026-03-31 05:13:40,day,tech,45,0xaf3909f0123a907b22d7add2cd1a59a072013101,15.884800000000041,0.0,skylove
2026-03-31 05:13:40,day,tech,46,0x3dd8722827bee815ae8dccd1080576fb42f2d3dd,15.809923088000005,0.0,oidz
2026-03-31 05:13:40,day,tech,47,0xeda045f91a24d199f78ef1f591fbbe6a5b517dff,15.569350186000065,319.0,rocky42018
2026-03-31 05:13:40,day,tech,48,0x6a8604701d472f663de6fb6625cf33bc303e927e,15.464009532000034,0.0,yaboyy
2026-03-31 05:13:40,day,tech,49,0xf4d0b62bafd9c9bf1b4b1d9ff849568ea3be4637,15.100000000000023,0.0,64MGX75VLQ
2026-03-31 05:13:40,day,tech,50,0x9f52dcbbf28877d89f909b0b7b4393eb9b4b6f28,14.823040007999907,0.0,Maidez
2026-03-31 05:13:40,day,tech,51,0x208f804ebfa75716bd4077cd1cc0acaf992a69d7,14.152855505499986,0.0,oakme
2026-03-31 05:13:40,day,tech,52,0xec15d02c1f792a07a00f27e056d50a801f01403c,14.140909050000005,0.0,Mahurm
2026-03-31 05:13:40,day,tech,53,0xc37e8f88b9b5aa8de9bc6b5e883025cc509e70cb,13.799799899999968,0.0,CNtracker
2026-03-31 05:13:40,day,tech,54,0xca52446eaad30e546f344849ae1afd92eb360cdf,13.600065780000023,0.0,delphilo
2026-03-31 05:13:40,day,tech,55,0xfb99694be73501b69c46b3d5ae469a0375114dae,13.55045999999993,0.0,glechikuebaniy
2026-03-31 05:13:40,day,tech,56,0xb9d57ea22f31f5c70d8a6211c42a497b535077f7,13.47693856199998,0.0,granolapeanut
2026-03-31 05:13:40,day,tech,57,0x2ecd6bb9f9ec6214332460c3fcaf6dffe7957a2f,13.408234000000022,0.0,0x2eCd6BB9f9Ec6214332460C3FCAF6dffE7957a2f-1767877016321
2026-03-31 05:13:40,day,tech,58,0x9682bbc129fb403e236dd542ad432126f0e2b07a,13.275072875000006,0.0,dworak.dev
2026-03-31 05:13:40,day,tech,59,0xd1308a458a2d3aa4bd65821062e6277204a62a7c,13.157010974999992,0.0,Bergman777
2026-03-31 05:13:40,day,tech,60,0x7639db7f8d4eced02a3e67921e8bff8794b5cbdd,12.997600000000034,0.0,dontgambledontilt
2026-03-31 05:13:40,day,tech,61,0xf939d62dde4db0aeb7630ed05ee167ca5120aded,12.914004656000017,0.0,qbug
2026-03-31 05:13:40,day,tech,62,0x7c3db723f1d4d8cb9c550095203b686cb11e5c6b,12.499128338989976,0.0,Car
2026-03-31 05:13:40,day,tech,63,0x45746cf20077faef288188c9e0e31228f63fab3e,12.49153387499996,0.0,pollution
2026-03-31 05:13:40,day,tech,64,0x84966288ea13ed02f76e23f830414bcb588627b6,12.194068939999852,0.0,PKS13
2026-03-31 05:13:40,day,tech,65,0x9f7a47ef5e3ee19a2c146b3ef439b86f48b90e63,12.063538283999998,0.0,MRVs
2026-03-31 05:13:40,day,tech,66,0x80a4552cdcde3b861b8adc146ab1fbd4711022cc,11.764800000000037,0.0,puravida
2026-03-31 05:13:40,day,tech,67,0xe4419e8da94a8e7c619d599d0802a96969dad0b2,11.649138575000023,0.0,ForaPT26
2026-03-31 05:13:40,day,tech,68,0xf16dd3586eb9ca2b002a0498548b15439991b7f9,11.317852992284202,459.972727,rocky42017
2026-03-31 05:13:40,day,tech,69,0x16b48a8e75ff7c514b8d51bc4292d7eb3d71168f,11.187355786840005,86.01857,hitfar
2026-03-31 05:13:40,day,tech,70,0x576a21f7b47e5ef049b159f2a8976e7d7f161d82,11.15746168363492,1670.670965,0x576a21F7B47E5EF049b159f2a8976e7d7f161D82-1771996875630
2026-03-31 05:13:40,day,tech,71,0x771293a34f18f936023bbaa37db010a232030c28,11.062425650000023,0.0,arise23
2026-03-31 05:13:40,day,tech,72,0xda9d6738053e2af1b7118c58b8c0d238f137226c,10.975000000000009,0.0,xiaoyaozi
2026-03-31 05:13:40,day,tech,73,0xdfd888eed8707946044b9275839cbd061fcae65b,10.841333219999996,0.0,0xDfD888EEd8707946044B9275839CBD061Fcae65B-1766989052771
2026-03-31 05:13:40,day,tech,74,0x84a7c2ba12316519182f19148d4461173eff18f2,10.838201294999976,0.0,B-Z902
2026-03-31 05:13:40,day,tech,75,0x0aabda16aea810c1b5fb305a3422f2bac51578aa,10.575264940000011,0.0,0x0aABDA16aEa810C1B5Fb305a3422F2BAC51578Aa-1774835578897
2026-03-31 05:13:40,day,tech,76,0x1d9a2c92bf630cc92b1b20a950008e84aa56db3f,10.484500000000025,0.0,REAL.BADMAN
2026-03-31 05:13:40,day,tech,77,0x4478d7bd8a295691ac84f60a5ec2b47e122102a4,10.000000000000057,0.0,Warren-Buffett
2026-03-31 05:13:40,day,tech,78,0x5640d1b768b291fb1a12df45bdc892e524940aa7,9.996312499999988,0.0,BlackSuit421
2026-03-31 05:13:40,day,tech,79,0x5513bf51a46d523d0cfd4b9546794ed2e17f2d83,9.929073825000003,0.0,0x5513bF51A46d523D0CfD4b9546794ed2e17f2D83-1764006845602
2026-03-31 05:13:40,day,tech,80,0xfc9d185caedbf22ffebb2d98d5391ad1831d0d71,9.898822350000046,0.0,Rya2.H
2026-03-31 05:13:40,day,tech,81,0x9ac5c8496bc84f642bac181499bf64405a5c6a3d,9.664160224499938,0.0,JuniorB
2026-03-31 05:13:40,day,tech,82,0x4b38febd7714e751d69c5e43d7c63db953031ead,9.659999999999997,0.0,Rqns9rxd
2026-03-31 05:13:40,day,tech,82,0xb16f9d826129249cd64c0338faa9ab8028e17967,9.659999999999997,0.0,K25w9mhb
2026-03-31 05:13:40,day,tech,82,0xbb070ba46df5e9287f2be1af7998d0fdda03b4a4,9.659999999999997,0.0,H3h1732w
2026-03-31 05:13:40,day,tech,82,0xc6bee522f718a953fd3f00f13109ddcdc2126a41,9.659999999999997,0.0,Y9feooye
2026-03-31 05:13:40,day,tech,82,0xdbb96257949e27e99e89342b88b911e655f1e975,9.659999999999997,0.0,Hhd0088s
2026-03-31 05:13:40,day,tech,82,0xe6c76fa1be793f0d04bc50757bb53c11c52d1e53,9.659999999999997,0.0,Bd3k4s7k
2026-03-31 05:13:40,day,tech,88,0x5183882e744220978682767efe62328b4f48d4da,9.527766282499215,0.0,TheAlphaKing
2026-03-31 05:13:40,day,tech,89,0x5c3a91341234a57c487db73d0f05676bd346c9e1,9.207911154558005,0.0,samson28
2026-03-31 05:13:40,day,tech,90,0x77bacaec37ae748e8454838d6c98c7759b929a84,9.00012473999999,0.0,EIephant
2026-03-31 05:13:40,day,tech,91,0xce92cb6392091c79404c884426b895eef99d6e4b,8.99997964499994,0.0,0xCE92cb6392091c79404c884426b895EeF99D6E4b-1747566688844
2026-03-31 05:13:40,day,tech,92,0xe51ead05faf46a05b9260e4bb7117f95404c1a85,8.999898480000056,0.0,Sviestmaize
2026-03-31 05:13:40,day,tech,93,0xfd3a90801de9a330ab4b86259fcc096d73428838,8.936421935999988,0.0,dany74q
2026-03-31 05:13:40,day,tech,94,0x54b63a8e3fa9ff30fd8190217ecb056fe0332269,8.828946846000008,0.0,yougotken
2026-03-31 05:13:40,day,tech,95,0xcfe5a53656d810ef067070725238fabc107f2c28,8.798640325000008,0.0,kuf3
2026-03-31 05:13:40,day,tech,96,0xb3b1e64e4d3c7b068014609af89deacd149d4aa0,8.534482725000018,0.0,0xb3b1E64E4D3c7b068014609AF89dEAcd149D4AA0-1762607036402
2026-03-31 05:13:40,day,tech,97,0xcf006e28309313be21b36d22bde515882182353f,8.528703599099998,1.35135,rocky42009
2026-03-31 05:13:40,day,tech,98,0x0b4f78c47e80d9432fb0d3c6c64ee0bae3be3b33,8.519999999999982,0.0,shinyhunter
2026-03-31 05:13:40,day,tech,99,0x2a1876963a46cda241a3298cb3665c5507f0169f,8.264241959999993,0.0,v.l
2026-03-31 05:13:40,day,tech,100,0xb3572d99a694ac131b53236c74386c1f22f5b99c,8.034439999999904,0.0,molt3molt
