timestamp,timeframe,category,rank,address,pnl,volume,userName
2026-03-09 04:55:35,day,overall,1,0x03e8a544e97eeff5753bc1e90d46e5ef22af1697,307831.7430926133,245765.025948,weflyhigh
2026-03-09 04:55:35,day,overall,2,0xc257ea7e3a81ca8e16df8935d44d513959fa358e,175275.23481195152,500909.10874100006,JuicySlots
2026-03-09 04:55:35,day,overall,3,0xdc876e6873772d38716fda7f2452a78d426d7ab6,125777.05524516013,117965.80061899997,432614799197
2026-03-09 04:55:35,day,overall,4,0x6ac5bb06a9eb05641fd5e82640268b92f3ab4b6e,89361.56336575568,322205.67385499994,0p0jogggg
2026-03-09 04:55:35,day,overall,5,0xdb27bf2ac5d428a9c63dbc914611036855a6c56e,81602.04103874229,897789.182307,DrPufferfish
2026-03-09 04:55:35,day,overall,6,0xe20a1538293903b746ffe6c4ce2d5c3c0300e469,79699.9974999013,0.0,gopatriots
2026-03-09 04:55:35,day,overall,7,0xd106952ebf30a3125affd8a23b6c1f30c35fc79c,46913.454992181156,63914.54896099999,Herdonia
2026-03-09 04:55:35,day,overall,8,0xaa075924e1dc7cff3b9fab67401126338c4d2125,37439.20423187886,112796.845424,rustin
2026-03-09 04:55:35,day,overall,9,0x1455445e9a775cfa3fe9fc4b02bb4d2f682ae5cd,36042.06091290712,137593.989139,c4c4
2026-03-09 04:55:35,day,overall,10,0x44fd6c291a43287728329b9b59c0a75c02c9b634,27716.877300246,0.0,quiteimprobable
2026-03-09 04:55:35,day,overall,11,0xc35049bc7b6bd28a49a40b261466ca91aad63669,27388.311085283,36822.709766,ScroooogeMcDuck
2026-03-09 04:55:35,day,overall,12,0x96489abcb9f583d6835c8ef95ffc923d05a86825,25785.771159534772,174557.67164499997,anoin123
2026-03-09 04:55:35,day,overall,13,0x07b8e44b90cc3e91b8d5fe60ea810d2534638e25,24694.58319157979,99230.618223,joosangyoo
2026-03-09 04:55:35,day,overall,14,0x72b40c0012682ef52228ad53ef955f9e4f177d67,22225.867732683837,31399.82875,nz7
2026-03-09 04:55:35,day,overall,15,0xf2f6af4f27ec2dcf4072095ab804016e14cd5817,20687.541064780544,48290.331144,gopfan2
2026-03-09 04:55:35,day,overall,16,0x16b1f68da281f346fa9ff7a46e9d55826abe968a,16681.624744801957,23437.5,test124566
2026-03-09 04:55:35,day,overall,17,0x4eefdace58cb68839530ff98ec567c7fc41d3fcb,16578.853888224316,180850.55835100004,COLBY451
2026-03-09 04:55:35,day,overall,18,0x9d94f602535e518ee1cb6aade0ca9569f1b1017d,15802.59283791529,332803.13379099994,eanvanezygv
2026-03-09 04:55:35,day,overall,19,0xbddf61af533ff524d27154e589d2d7a81510c684,14791.320415047347,213006.402829,Countryside
2026-03-09 04:55:35,day,overall,20,0xb45a797faa52b0fd8adc56d30382022b7b12192c,14726.924778083805,207717.401877,bcda
2026-03-09 04:55:35,day,overall,21,0x507e52ef684ca2dd91f90a9d26d149dd3288beae,14632.176028438495,411774.56422600005,GamblingIsAllYouNeed
2026-03-09 04:55:35,day,overall,22,0x0e1b30c63f6bac4fa1eacc7b852fa7e72e93ecaf,13013.09020870574,193873.230089,sjhfccha
2026-03-09 04:55:35,day,overall,23,0x61bcad5ea4e55e6995b775a193326297edbf6d0b,12954.88999425,0.0,boom888
2026-03-09 04:55:35,day,overall,24,0x033f0346c007323030eb420305ffede19a95618e,12891.293731760754,14068.779999999999,TheVeryGoodCow
2026-03-09 04:55:35,day,overall,25,0x4e9bbe644370fbb1f70834a43c79599dad18945a,12857.397877786512,0.0,wolfycoco
2026-03-09 04:55:35,day,overall,26,0x7177a7f5c216809c577c50c77b12aae81f81ddef,12797.584578350808,0.0,kcnyekchno
2026-03-09 04:55:35,day,overall,27,0xd4dafa21aad27e8514b5a5dad9278c3ece243175,12369.545864520027,35924.85,DonChon
2026-03-09 04:55:35,day,overall,28,0xf19d7d88cf362110027dcd64750fdd209a04276f,10937.862572502112,238540.268859,huhaoli
2026-03-09 04:55:35,day,overall,29,0x3cc654af2b896648b10a477123dc5aaecbc19df6,10841.727483643917,120805.246839,auggl00p
2026-03-09 04:55:35,day,overall,30,0xde7be6d489bce070a959e0cb813128ae659b5f4b,10175.54991012841,35446.181536,wan123
2026-03-09 04:55:35,day,overall,31,0x3ae5b11a1d19028f3b2d58102a5b8f42d7d2ead2,9985.407314343032,61394.60301299999,daschnoodle
2026-03-09 04:55:35,day,overall,32,0xc6587b11a2209e46dfe3928b31c5514a8e33b784,9500.35825921531,0.0,Erasmus.
2026-03-09 04:55:35,day,overall,33,0xf588b19afe63e1aba00f125f91e3e3b0fdc62b81,9468.969406031945,254681.803529,RandomPunter
2026-03-09 04:55:35,day,overall,34,0xef9fb7322631ecb96f40c7210006ccb4066d8924,9426.958671801072,508.8,Incensed
2026-03-09 04:55:35,day,overall,35,0x5aa981521b4e94fee3b3bf18fe441f62e865febe,9222.933502474554,313677.461987,apucimama
2026-03-09 04:55:35,day,overall,36,0x614dc8d3542c12103d2c6a3553fd761e391d1546,8881.609171452646,24323.768808,mr.ozi
2026-03-09 04:55:35,day,overall,37,0xc49fe658479db29e1a2fefebf0735f657dca9e05,8840.21774206098,7453.120184,iDropMyHotdog
2026-03-09 04:55:35,day,overall,38,0x32ed517a571c01b6e9adecf61ba81ca48ff2f960,8667.410177623055,184028.669293,sportmaster777
2026-03-09 04:55:35,day,overall,39,0x2652dd1140c3b9e69c8852264cf8dbe727672a1d,7972.693408448307,121558.24814999998,Punisher2022
2026-03-09 04:55:35,day,overall,40,0x4df332e27f9ee3224f52ce30e3ce15c1075e788f,7886.944900128146,8812.810691,SunlineTicker
2026-03-09 04:55:35,day,overall,41,0xd8c4d45000b7976d897ab79c21780e46faaa848d,7860.093798275178,65644.39630600001,0xa8C4d45000b7976d897Ab79c21780E46faAA848
2026-03-09 04:55:35,day,overall,42,0x3f5ea0a8053e81ce2f59814118869322c35fe7db,7832.647954962449,22320.28,piggyery
2026-03-09 04:55:35,day,overall,43,0xa7011667f22c121c6cea7aab30192307c58c47cd,7783.749014275003,0.0,BadTattoo
2026-03-09 04:55:35,day,overall,44,0x4453886425fdbcc900525755515244a66659dd3b,7756.266774384657,54510.596644000005,MasonFree
2026-03-09 04:55:35,day,overall,45,0x01c78f8873c0c86d6b6b92ff627e3802237ee995,7572.814016209042,40727.48694999999,Lilybaeum
2026-03-09 04:55:35,day,overall,46,0x88c4919de76e526d55a32c1f8afb439dd1f1129a,7565.923985944337,47295.887626,8934394839
2026-03-09 04:55:35,day,overall,47,0x1cd4cb686d790f8396b2510b8f43cf7f318d43be,7440.207611871996,0.0,soldictatorship
2026-03-09 04:55:35,day,overall,48,0xe9c6312464b52aa3eff13d822b003282075995c9,7214.445492458064,2368.7608289999994,kingofcoinflips
2026-03-09 04:55:35,day,overall,49,0xfed8ff0b541ce9a66d632aedebe81bdd1b2c4388,6890.579765870003,0.0,JudgeLance
2026-03-09 04:55:35,day,overall,50,0x3c1df6fa8784f5b6f33e83b6f8ac8d645bb43846,6768.031721217507,0.0,juamm11
2026-03-09 04:55:35,day,overall,51,0x9ccc0ca985cd638f106d5f355cc2e4d11d4ce7e8,6764.9770604158375,62846.113876,KarlXII
2026-03-09 04:55:35,day,overall,52,0xa6db135899fed2eb4cca65daa71b65c11febd55b,6696.72259967,0.0,2jakes
2026-03-09 04:55:35,day,overall,53,0xdc03d611e5bcc9f1c87edb95edeb91671471804c,6596.227865789144,19753.323172,jocpolitic
2026-03-09 04:55:35,day,overall,54,0x55be7aa03ecfbe37aa5460db791205f7ac9ddca3,6475.613868665649,14655.322488,coinman2
2026-03-09 04:55:35,day,overall,55,0x5b1ab578a31dd9384f2bcd422d409c164b085abf,6351.863124999999,0.0,cappuccino
2026-03-09 04:55:35,day,overall,56,0x61e0cb043c88e34d1502139a682c75d286284b62,6227.110012720849,3506.405146,LCN99
2026-03-09 04:55:35,day,overall,57,0x8f037a2e4fd49d11267f4ab874ab7ba745ac64d6,6222.303156600473,278964.248405,Anointed-Connect
2026-03-09 04:55:35,day,overall,58,0x8c16a7555158aba96a709967ea873d6e2d384b37,6174.739701327999,13713.796803,fdevb
2026-03-09 04:55:35,day,overall,59,0x83abaa3209174997e64213a75c49b893fa9c3d56,6109.045740888578,29549.631189,alliterate
2026-03-09 04:55:35,day,overall,60,0x14619de097b1fbe058d6d36282662c20958a30a1,6075.9271742442,1674.9999659999999,fwed33
2026-03-09 04:55:35,day,overall,61,0xc258212960295427dd30362e608d0fa476ecd3f5,6052.129483608911,30500.0,0xC258212960295427dD30362e608D0fa476EcD3f5-1772783382229
2026-03-09 04:55:35,day,overall,62,0x146703a8a73ae1dff0f84ba44c45d878858a4372,5989.279303596471,0.0,igetlitty
2026-03-09 04:55:35,day,overall,63,0xbaa2bcb5439e985ce4ccf815b4700027d1b92c73,5882.418212386088,25086.211500999998,denizz
2026-03-09 04:55:35,day,overall,64,0xb6fef4c2c436ab8bbf07d017952e851dcf717394,5804.737772866723,46020.366070000004,0xb6fef4c2c436ab8bbf07d017952e851dcf717394
2026-03-09 04:55:35,day,overall,65,0x05e26c775ecfe91b897d47f134c1bf5900ca6e12,5399.329074961347,0.0,Llalalala
2026-03-09 04:55:35,day,overall,66,0x533106edda94f7aa4c0e597d4a4532a6d5f669d8,5307.424321467501,0.0,plsd23
2026-03-09 04:55:35,day,overall,67,0x39d3c773be30fcc73161fc6768f46d563a779ef0,5273.395674948508,13037.993491000001,matanovik
2026-03-09 04:55:35,day,overall,68,0x5007532ffc0aa399cc4681f26829f3c7a09bedda,5261.456887114581,1132.670337,0x5007532ffc0aa399cc4681f26829f3c7a09bedda
2026-03-09 04:55:35,day,overall,69,0xd1ed12197b7dc22dede923727e9b714024dbd7cb,5213.757880555203,91639.18629099999,curie
2026-03-09 04:55:35,day,overall,70,0xecaa8806a9a05049d7d5260a33dc924220e377a9,5079.961275739073,0.0,Melody626
2026-03-09 04:55:35,day,overall,71,0xe3a88e21c028b18f4f66144e4ad3f8b8eb0606d9,5069.625000000001,0.0,TheMcdonaldsBot
2026-03-09 04:55:35,day,overall,72,0x430fc12ac13646b962c98dd73e159488812f5947,5068.595950000001,0.0,5245242
2026-03-09 04:55:35,day,overall,73,0x2b15b1cab8917d786e44765002a07a78ee8c9b08,5059.500138275511,30630.730000000003,FDSEREBS
2026-03-09 04:55:35,day,overall,74,0x617b46903eaadc7dfb4f94e18408e2033ee3a499,5056.556352242995,6000.0,Weebay
2026-03-09 04:55:35,day,overall,75,0xf6790c656cf6836f1a172097dd54be53b58216ac,5015.124999999993,0.0,Lynx2633
2026-03-09 04:55:35,day,overall,76,0xd6a3f0ec6c4a8ad680d580610c82ca57ff139489,4976.682362402324,539411.751037,knedloveprovelo
2026-03-09 04:55:35,day,overall,77,0x94a5e75f6fd0816b3490ba32b8b2b0ad88229838,4924.81705829731,27183.999845000002,17th-floor
2026-03-09 04:55:35,day,overall,78,0x52c2143f69dd3dcd249f688623c64ab5f7900556,4917.386289034999,0.0,0xcdlambjrrt0lk1en0js1mps0nipda1lyjfk
2026-03-09 04:55:35,day,overall,79,0x14ac84b66a27fc30e56ed620ebfa61cd8105cb21,4873.816952593409,27177.483323,BrokeMaxxing
2026-03-09 04:55:35,day,overall,80,0x079e15961cbf026546d8068aed05121815ec8254,4860.001387859,48599.979759,UR01
2026-03-09 04:55:35,day,overall,81,0x38b0bbdb3b3b784030ca03866d6ee21a6e4a060c,3937.2005453449947,0.0,Mognar
2026-03-09 04:55:35,day,overall,82,0xd6a39cef30c927c4d57b5cc519f3a2d0332a9738,3931.175570514833,13043.47,Feint
2026-03-09 04:55:35,day,overall,83,0xe9c6312464b52aa3eff13d822b003282075995c9,3911.4835187511053,716.7388559999999,kingofcoinflips
2026-03-09 04:55:35,day,overall,84,0x87381eb06e04384993c87c8c1e8fc29f37f7222b,3908.3118019455796,12957.632986,a3lg
2026-03-09 04:55:35,day,overall,85,0x1c989680e776753791d70797ff5042fdfb8d186d,3905.2678795809848,14521.554006999999,0x1c989680E776753791d70797FF5042FdFb8D186D-1770489179275
2026-03-09 04:55:35,day,overall,86,0x9e16523fd812d1d3d6fa7a2bc6763a07ed5b0127,3781.036993454494,0.0,cd20
2026-03-09 04:55:35,day,overall,87,0x0eb75bf6f54794a83bd26095811f30b530161f17,3775.5710870993644,18666.394082,porclaveel8
2026-03-09 04:55:35,day,overall,88,0xb028b82a80c2d1e855ab4f3cd3a18ecf76838686,3764.3125949357163,449.99553,Splatlouder
2026-03-09 04:55:35,day,overall,89,0x1d5c087a82ba920af944000c0b6751c949f94f26,3750.1356599214632,9741.924583999999,beldewoute
2026-03-09 04:55:35,day,overall,90,0x1c72797cd4b9b83f42e287144e334c4de347dfb6,3734.0362324904418,41233.846307,peasant
2026-03-09 04:55:35,day,overall,91,0xfed8ff0b541ce9a66d632aedebe81bdd1b2c4388,3644.631188080006,0.0,JudgeLance
2026-03-09 04:55:35,day,overall,92,0xb6fef4c2c436ab8bbf07d017952e851dcf717394,3563.256865838779,30162.595986,0xb6fef4c2c436ab8bbf07d017952e851dcf717394
2026-03-09 04:55:35,day,overall,93,0xd3faf1906cc31e75d1dfa0d7b57e8f97d33da26c,3529.931462882447,34472.849969,BigGumbaBoots
2026-03-09 04:55:35,day,overall,94,0x55be7aa03ecfbe37aa5460db791205f7ac9ddca3,3523.9520361172035,2839.6186829999997,coinman2
2026-03-09 04:55:35,day,overall,95,0x6097871acdecac8eeebd907fd9ed11abdbbb1f22,3520.51969776,23286.36,0x6097871acdeCaC8EEEBd907FD9Ed11aBDbBb1F22-1773003701941
2026-03-09 04:55:35,day,overall,96,0x83abaa3209174997e64213a75c49b893fa9c3d56,3520.3233539060748,29477.617007,alliterate
2026-03-09 04:55:35,day,overall,97,0xa89a4ac84cd6ab775a4cefb377bb0c7259fc8667,3506.377966045997,0.0,Ogbum
2026-03-09 04:55:35,day,overall,98,0xc851cd9bee7d262afd78674f861f9f576a12cd2a,3414.706348667358,0.0,betwick
2026-03-09 04:55:35,day,overall,99,0x38cc1d1f95d12039324809d8bb6ca6da6cbef88e,3389.4108442244797,10144.054041,NoonienSoong
2026-03-09 04:55:35,day,overall,100,0x48185887c8dc95de60ee89722f1d0ee7894cbf0b,3369.6166330587766,32.73,Liquidifier
2026-03-09 04:55:35,day,politics,1,0x96489abcb9f583d6835c8ef95ffc923d05a86825,37673.859355202876,126445.09032699998,anoin123
2026-03-09 04:55:35,day,politics,2,0x7177a7f5c216809c577c50c77b12aae81f81ddef,12306.406733780052,0.0,kcnyekchno
2026-03-09 04:55:35,day,politics,3,0xf2f6af4f27ec2dcf4072095ab804016e14cd5817,12176.683064693818,48290.331144,gopfan2
2026-03-09 04:55:35,day,politics,4,0xc6587b11a2209e46dfe3928b31c5514a8e33b784,8130.396318675252,0.0,Erasmus.
2026-03-09 04:55:35,day,politics,5,0xdc03d611e5bcc9f1c87edb95edeb91671471804c,7466.498048657144,19412.69141,jocpolitic
2026-03-09 04:55:35,day,politics,6,0x05e26c775ecfe91b897d47f134c1bf5900ca6e12,5386.552212333365,0.0,Llalalala
2026-03-09 04:55:35,day,politics,7,0x1cd4cb686d790f8396b2510b8f43cf7f318d43be,4989.306326911999,0.0,soldictatorship
2026-03-09 04:55:35,day,politics,8,0xd8c4d45000b7976d897ab79c21780e46faaa848d,4929.598261761843,24598.134000000002,0xa8C4d45000b7976d897Ab79c21780E46faAA848
2026-03-09 04:55:35,day,politics,9,0x533106edda94f7aa4c0e597d4a4532a6d5f669d8,4886.794861589999,0.0,plsd23
2026-03-09 04:55:35,day,politics,10,0x614dc8d3542c12103d2c6a3553fd761e391d1546,4709.946301311225,19711.750638999998,mr.ozi
2026-03-09 04:55:35,day,politics,11,0x11e50ec01d48adc0be2292cb8e2a5fee0369ee4d,4582.722130067035,0.0,BlueOrchid
2026-03-09 04:55:35,day,politics,12,0x37d5ec354f9671edce8438dc68cb5c3852cc8a11,4339.763424851191,69668.089494,sllsss
2026-03-09 04:55:35,day,politics,13,0x5ecde7348ea5100af4360dd7a6e0a3fb1d420787,3990.3509418969534,22939.115208,Mujurry
2026-03-09 04:55:35,day,politics,14,0x38b0bbdb3b3b784030ca03866d6ee21a6e4a060c,3937.2005453449947,0.0,Mognar
2026-03-09 04:55:35,day,politics,15,0x1c72797cd4b9b83f42e287144e334c4de347dfb6,3734.0362324905,41233.846307,peasant
2026-03-09 04:55:35,day,politics,16,0xc851cd9bee7d262afd78674f861f9f576a12cd2a,3633.1679283998674,0.0,betwick
2026-03-09 04:55:35,day,politics,17,0x6097871acdecac8eeebd907fd9ed11abdbbb1f22,3408.0344477599997,21474.690000000002,0x6097871acdeCaC8EEEBd907FD9Ed11aBDbBb1F22-1773003701941
2026-03-09 04:55:35,day,politics,18,0xbaa2bcb5439e985ce4ccf815b4700027d1b92c73,3306.619680198375,17130.461132,denizz
2026-03-09 04:55:35,day,politics,19,0x5007532ffc0aa399cc4681f26829f3c7a09bedda,3253.4025661889937,0.0,0x5007532ffc0aa399cc4681f26829f3c7a09bedda
2026-03-09 04:55:35,day,politics,20,0xacbca1cf43bd198e734089f198f3725281577cc3,3233.155142759998,0.0,TROLLSK
2026-03-09 04:55:35,day,politics,21,0xd3592c19754c799e04ed743c8ff00ce6ac0e6007,3598.453282057999,0.0,likemike123
2026-03-09 04:55:35,day,politics,22,0x92a6294cd55b9c6ccd57efaffc365ad943118b84,3491.604370707486,15495.410000000002,Trustinghorse
2026-03-09 04:55:35,day,politics,23,0x6097871acdecac8eeebd907fd9ed11abdbbb1f22,3413.280852,21474.690000000002,0x6097871acdeCaC8EEEBd907FD9Ed11aBDbBb1F22-1773003701941
2026-03-09 04:55:35,day,politics,24,0x41eacf5aaa4c7fc883a098635b981050715d7a3d,3310.8382121999957,0.0,ConflagrantVermilion
2026-03-09 04:55:35,day,politics,25,0x7addce8a2853d5b9b067b7465a8dbfc4a87ff9f4,3148.407588868272,33.0,Stamap
2026-03-09 04:55:35,day,politics,26,0x7a6192ea6815d3177e978dd3f8c38be5f575af24,3013.0349098985025,7228.998504,Gambler1968
2026-03-09 04:55:35,day,politics,27,0x6d9fc316c3b8377060a44b852ba664adbfd59790,2911.0723374046793,59571.07399999999,MEPP
2026-03-09 04:55:35,day,politics,28,0x5ecde7348ea5100af4360dd7a6e0a3fb1d420787,2893.8538928329017,32649.675208,Mujurry
2026-03-09 04:55:35,day,politics,29,0xd1eed20edd22a289839379e89e3470ea1742a8ae,2836.6013663067642,122.743681,chefradish
2026-03-09 04:55:35,day,politics,30,0x56ebe2a8eb1b9bccfd3059f981f9c987e45e076a,2813.7390318733087,116913.56322899999,just.some.guy.2026
2026-03-09 04:55:35,day,politics,31,0x11e50ec01d48adc0be2292cb8e2a5fee0369ee4d,2770.2351033190353,0.0,BlueOrchid
2026-03-09 04:55:35,day,politics,32,0xd64e1a97d46f2ba860a56470ac6f47e5bcda5516,2658.703937724873,67573.33591600001,uprightuser
2026-03-09 04:55:35,day,politics,33,0x7c3db723f1d4d8cb9c550095203b686cb11e5c6b,2652.9990326265106,81592.66534200001,Car
2026-03-09 04:55:35,day,politics,34,0xe3b00bd08325d49e9f3830841dc3fd5ea3fefd33,2641.62614082,0.0,altantutar
2026-03-09 04:55:35,day,politics,35,0x5da48936d61eb18d66ca5fdd32ba2d2ba19be203,2590.8523509700026,30142.888567,768543265
2026-03-09 04:55:35,day,politics,36,0xecb14ac6e9ca447ce2f2912e6217b43d7b655da3,2534.57172551447,17607.320842,SaylorMoon
2026-03-09 04:55:35,day,politics,37,0x5d1c0e7ec9ef13fcaf08241b604d10f727154d4d,2531.7164899605996,41819.327710000005,karimi
2026-03-09 04:55:35,day,politics,38,0x9b6bd8de767f541cce89e9c8e6a5df837bf69a8a,2430.5342260800003,0.0,babybaby1234
2026-03-09 04:55:35,day,politics,39,0xe25b9180f5687aa85bd94ee309bb72a464320f1b,2369.1920020010148,0.0,WordleAddict
2026-03-09 04:55:35,day,politics,40,0xa3e1664fc43903ac3010c89fa3dd00828f665968,2356.283545520011,0.0,sd13
2026-03-09 04:55:35,day,politics,41,0x5f176a980de5b25f89f17473e5e8adef565c519e,2295.026926252991,0.0,cezarn132
2026-03-09 04:55:35,day,politics,42,0x5739ddf8672627ce076eff5f444610a250075f1a,2276.371841502434,6254.74,hopedieslast
2026-03-09 04:55:35,day,politics,43,0x87c19754984b144cafb32614295b99ac3fab67ee,2192.427140397999,0.0,0x87C19754984B144cAfB32614295B99Ac3fAb67ee-1772282991186
2026-03-09 04:55:35,day,politics,44,0x35bbbad2415fe5e39b12da9a316cdc80b022009b,2171.130675352266,52311.08237,MisTKy
2026-03-09 04:55:35,day,politics,45,0xe043620bb126d879d8cbfaedc1a617a40047faa2,2166.419625757997,0.0,gamble-addict
2026-03-09 04:55:35,day,politics,46,0x5011224f4848cb2cf2d87cf2b823551dfd0e220e,2156.7497117694984,9375.775000000001,GCNO1
2026-03-09 04:55:35,day,politics,47,0x52b74441def3510e1839eadac7875423c0b54597,2130.509622741032,0.0,MajidJavadi
2026-03-09 04:55:35,day,politics,48,0x8b6cbc09f98064816e6fc1c9bba2171b8ad864b4,2075.7306868728247,4561.455104000001,EdgarCaycey
2026-03-09 04:55:35,day,politics,49,0x6b446e2c85af617d3ea16547f5128dd6db63b75b,2069.078694281805,49165.104062000006,0x6b446e2c85af617d3ea16547f5128dd6db63b75b
2026-03-09 04:55:35,day,politics,50,0x5ed3561e39d6c9a9622c6f84a782537df7f9b19e,2051.8544336399063,0.0,Vivaldi007
2026-03-09 04:55:35,day,politics,51,0xdc4f08727c65afc4731b75cf1ed265666b7b4652,2000.0000035680005,9298.55184,third-eye
2026-03-09 04:55:35,day,politics,52,0xc9314d7918f8dab926df4325a72dcb3eb647a998,1997.5677363059986,0.0,binance-newbie
2026-03-09 04:55:35,day,politics,53,0xbe482cd6e5183be8767f03b48ebc3ff35769683f,1992.994130314999,0.0,0xBE482CD6e5183BE8767f03b48EBc3FF35769683f-1768081000582
2026-03-09 04:55:35,day,politics,54,0x22e4248bdb066f65c9f11cd66cdd3719a28eef1c,1978.823302468969,7819.857047,ProfessionalPunter
2026-03-09 04:55:35,day,politics,55,0x878f74cf4edba47579ad65b5e53a0e4612401755,1960.7638331754997,0.0,0x878F74CF4EDbA47579AD65b5e53a0e4612401755-1767982680127
2026-03-09 04:55:35,day,politics,56,0xa3ff29e34b23b468b4ff5dbba28ad9e56bcd540e,1921.9340888510014,0.0,0xa3FF29e34b23B468b4FF5dBBA28Ad9e56bCd540E-1772658943842
2026-03-09 04:55:35,day,politics,57,0x62cf46cd4c3af254dccfc37a7f93de265b4b5826,1918.8792661970074,498.420625,eCash
2026-03-09 04:55:35,day,politics,58,0xa2417925070121ed571d23cb846aebcaa2d745f7,1915.8006509370025,0.0,888-168-888
2026-03-09 04:55:35,day,politics,59,0xf0d9af9effd0b4a039899901ba19a05ea1a3e4ee,1906.7719423300587,0.0,polywog
2026-03-09 04:55:35,day,politics,60,0xb13d5575ed67b3ab320e9d93047796fd87206c82,1866.796800000001,0.0,AMK3
2026-03-09 04:55:35,day,politics,61,0xe946529b64861a4b670cd7b9b71de191be184cc4,1824.1966406399997,0.0,AndronikosIII
2026-03-09 04:55:35,day,politics,62,0xcf19c420814435ffb1c459588208ed23a7ee6402,1794.3524094013483,54672.43843399999,PantheraUncia
2026-03-09 04:55:35,day,politics,63,0x12d6cccfc7470a3f4bafc53599a4779cbf2cf2a8,1766.4959652358666,4955.512923,classified
2026-03-09 04:55:35,day,politics,64,0x430fc12ac13646b962c98dd73e159488812f5947,1758.5064000000002,0.0,5245242
2026-03-09 04:55:35,day,politics,65,0x0b219cf3d297991b58361dbebdbaa91e56b8deb6,1755.7720195989968,0.0,TerreMoto
2026-03-09 04:55:35,day,politics,66,0xa5fda0340959e67ef9de8bc5caf1c502c6f736d1,1723.2371730419982,6499.58,glglglglgl
2026-03-09 04:55:35,day,politics,67,0x7a146c5e70c092d06be27097a5c770b49d0bd748,1715.0148670474737,6017.58,Naichli
2026-03-09 04:55:35,day,politics,68,0x380002b00394456c8a247bcf115b5ee665f72325,1670.8529782525038,0.0,Occasionalbettor
2026-03-09 04:55:35,day,politics,69,0x88ae6c980204d0031ff0fb000b2f0656e7fb809a,1656.0851512124955,0.0,0x88AE6C980204d0031Ff0fB000B2f0656e7fB809a-1766224710409
2026-03-09 04:55:35,day,politics,70,0x74db2780445d9b7b10e8a650db1b94f8e53c4ca5,1647.0910190150535,7978.535677,vk7
2026-03-09 04:55:35,day,politics,71,0x75253f58071564ba95f36258fcfb1e918552cde1,1616.5201050478208,18559.891239,cynical.reason
2026-03-09 04:55:35,day,politics,72,0x6095156546880e6f542dc65f119a44c7106eb9fb,1611.5539331999971,0.0,JohanKatz
2026-03-09 04:55:35,day,politics,73,0x011f2d377e56119fb09196dffb0948ae55711122,1601.3314217105071,3635.6111140000003,11122
2026-03-09 04:55:35,day,politics,74,0x682db86f41a12d9292befded523564314c1f31ab,1597.7277819203882,10934.470000000001,148572738484
2026-03-09 04:55:35,day,politics,75,0xf92a950992181e21874dd1b36c7e5666c443a517,1572.4960113559937,0.0,nedsta
2026-03-09 04:55:35,day,politics,76,0xbacd00c9080a82ded56f504ee8810af732b0ab35,1558.4040888379095,19563.150477,ScottyNooo
2026-03-09 04:55:35,day,politics,77,0x6640bd87f6e4b6e8d62457448bd1b3a4711a2202,1552.2741910112672,7610.0599999999995,Pompeius
2026-03-09 04:55:35,day,politics,78,0xb7a3b2923eb00ab865531f81da5aeb6c66ac1807,1550.8674599799997,0.0,0xB7a3B2923eB00ab865531f81dA5AeB6c66AC1807-1771460592065
2026-03-09 04:55:35,day,politics,79,0xd5196bdf50199e195c58a6aff2114cc0e455932c,1548.332202316,0.0,UpDownUpDown
2026-03-09 04:55:35,day,politics,80,0x7b3453f018b1de0d934fe875b313155fe9c9294c,1540.3848580864978,0.0,Kaicer
2026-03-09 04:55:35,day,politics,81,0xdaef2be2a19ad331737d06545f85615b094554e9,1521.9801382274163,1161.4663739999999,UCF-BIGGEST-FAN
2026-03-09 04:55:35,day,politics,82,0xb10047d6a254b2ebb306d7a7d13bf59171ab6461,1516.5858292480116,75313.08621100002,Parz1vaI
2026-03-09 04:55:35,day,politics,83,0x5bffcf561bcae83af680ad600cb99f1184d6ffbe,1504.2393335192464,51660.939981,YatSen
2026-03-09 04:55:35,day,politics,84,0x1842f349bbaeea8bd3f9acf88a70696fdba616ea,1488.1615782000008,0.0,0xpercevil
2026-03-09 04:55:35,day,politics,85,0x09c02e58f79dc2fc1e42c7c14d43e4a142326f73,1444.4667550000004,0.0,klinxiowl
2026-03-09 04:55:35,day,politics,86,0x2c152bd37a1c2a25b4c8dce86630c6ed9a752cae,1440.0,0.0,buriram
2026-03-09 04:55:35,day,politics,87,0x9ca119b8cd7bdb890aecf1ff3b0f6e3a45cc13b5,1428.5177739442297,5060.33049,JoeBlack01
2026-03-09 04:55:35,day,politics,88,0x9c8e8a4d1325b126e113360e250defc06b079883,1414.2912005000017,0.0,Wetowl
2026-03-09 04:55:35,day,politics,89,0xd4264b635a835321db88fb6ed4031b924ffa87cb,1412.8017749684996,0.0,ravendano
2026-03-09 04:55:35,day,politics,90,0xe15e530d810b2a52e7cccfb77643f622e795301c,1410.1081784999988,0.0,jk-42069
2026-03-09 04:55:35,day,politics,91,0xe41d7e18afba6c55c209bcad51d72ab7c5db577c,1401.7639140604988,0.0,0xE41d7E18aFbA6c55C209Bcad51d72AB7c5db577c-1772561319198
2026-03-09 04:55:35,day,politics,92,0x444983d5070516b2e75ba65b8ee5ccf3e7c7e977,1386.9224358168012,34989.90951,ghostfaded
2026-03-09 04:55:35,day,politics,93,0x4d8a89d16700befb5402406cbd5add446448548c,1367.2747898515008,0.0,0x4D8a89D16700BEfB5402406CBd5Add446448548c-1767913407872
2026-03-09 04:55:35,day,politics,94,0xd61f625447ea98433779a359e6bb9f1d73dba873,1365.7425669179775,303.030302,violetnebu
2026-03-09 04:55:35,day,politics,95,0x1f3018e34b610376cb06ee3ae0e0a072814fc65a,1354.8269418199989,0.0,crazyrhino
2026-03-09 04:55:35,day,politics,96,0x784feec38475dc47e63c3a16cbd24b905dab5df9,1349.4333428820246,395.95,diadjaid
2026-03-09 04:55:35,day,politics,97,0x1537ed4d534ec88634af690b9b03145dbcaec480,1317.602886727018,8548.285,Armenia
2026-03-09 04:55:35,day,politics,98,0x8454f39e7fa6957dfbf1ecc574820ada1c92331a,1314.8156757554825,47708.025105,cripes3
2026-03-09 04:55:35,day,politics,99,0x04a2a7075963c86990e246e73e50f8023b79e16c,1307.4272041013771,4224.641843,gordontradedc
2026-03-09 04:55:35,day,politics,100,0x5cd5c8d7a17c78d7389d8b87b611aed83322ac33,1273.7498811915284,5764.0,nonkenny90
2026-03-09 04:55:35,day,sports,1,0x03e8a544e97eeff5753bc1e90d46e5ef22af1697,307639.1301624982,239731.22300799997,weflyhigh
2026-03-09 04:55:35,day,sports,2,0xc257ea7e3a81ca8e16df8935d44d513959fa358e,175275.23481195152,500909.108741,JuicySlots
2026-03-09 04:55:35,day,sports,3,0xdc876e6873772d38716fda7f2452a78d426d7ab6,125777.05524516013,117965.80061900002,432614799197
2026-03-09 04:55:35,day,sports,4,0x6ac5bb06a9eb05641fd5e82640268b92f3ab4b6e,89361.43181574997,322205.673855,0p0jogggg
2026-03-09 04:55:35,day,sports,5,0xdb27bf2ac5d428a9c63dbc914611036855a6c56e,81602.04103874601,897789.1823069999,DrPufferfish
2026-03-09 04:55:35,day,sports,6,0xe20a1538293903b746ffe6c4ce2d5c3c0300e469,79699.99749990227,0.0,gopatriots
2026-03-09 04:55:35,day,sports,7,0xd106952ebf30a3125affd8a23b6c1f30c35fc79c,46913.454992181156,63914.54896099999,Herdonia
2026-03-09 04:55:35,day,sports,8,0xaa075924e1dc7cff3b9fab67401126338c4d2125,37439.20423187886,112796.845424,rustin
2026-03-09 04:55:35,day,sports,9,0x1455445e9a775cfa3fe9fc4b02bb4d2f682ae5cd,36042.06091290736,137593.989139,c4c4
2026-03-09 04:55:35,day,sports,10,0x44fd6c291a43287728329b9b59c0a75c02c9b634,27760.311,0.0,quiteimprobable
2026-03-09 04:55:35,day,sports,11,0xc35049bc7b6bd28a49a40b261466ca91aad63669,27388.311085283,36822.70976600001,ScroooogeMcDuck
2026-03-09 04:55:35,day,sports,12,0x07b8e44b90cc3e91b8d5fe60ea810d2534638e25,24694.58319157979,99230.61822300001,joosangyoo
2026-03-09 04:55:35,day,sports,13,0x72b40c0012682ef52228ad53ef955f9e4f177d67,22225.867732683837,31399.82875,nz7
2026-03-09 04:55:35,day,sports,14,0x16b1f68da281f346fa9ff7a46e9d55826abe968a,16681.624744801957,23437.5,test124566
2026-03-09 04:55:35,day,sports,15,0x4eefdace58cb68839530ff98ec567c7fc41d3fcb,16578.853888224316,180850.558351,COLBY451
2026-03-09 04:55:35,day,sports,16,0x9d94f602535e518ee1cb6aade0ca9569f1b1017d,15802.59283791529,332803.1337909999,eanvanezygv
2026-03-09 04:55:35,day,sports,17,0xbddf61af533ff524d27154e589d2d7a81510c684,14791.320415047347,213006.402829,Countryside
2026-03-09 04:55:35,day,sports,18,0xb45a797faa52b0fd8adc56d30382022b7b12192c,14726.924778083805,207717.401877,bcda
2026-03-09 04:55:35,day,sports,19,0x507e52ef684ca2dd91f90a9d26d149dd3288beae,14632.1760284435,411774.564226,GamblingIsAllYouNeed
2026-03-09 04:55:35,day,sports,20,0x0e1b30c63f6bac4fa1eacc7b852fa7e72e93ecaf,13013.09020870574,193873.230089,sjhfccha
2026-03-09 04:55:35,day,sports,21,0x4e9bbe644370fbb1f70834a43c79599dad18945a,12857.397877786512,0.0,wolfycoco
2026-03-09 04:55:35,day,sports,22,0x033f0346c007323030eb420305ffede19a95618e,12533.973287668254,14068.78,TheVeryGoodCow
2026-03-09 04:55:35,day,sports,23,0xd4dafa21aad27e8514b5a5dad9278c3ece243175,12369.545864520027,35924.85,DonChon
2026-03-09 04:55:35,day,sports,24,0xf19d7d88cf362110027dcd64750fdd209a04276f,10937.862572502112,238540.26885900003,huhaoli
2026-03-09 04:55:35,day,sports,25,0x3cc654af2b896648b10a477123dc5aaecbc19df6,10841.727483643917,120805.246839,auggl00p
2026-03-09 04:55:35,day,sports,26,0x3ae5b11a1d19028f3b2d58102a5b8f42d7d2ead2,9985.407313077434,61394.603013,daschnoodle
2026-03-09 04:55:35,day,sports,27,0xf588b19afe63e1aba00f125f91e3e3b0fdc62b81,9468.969406032411,254681.80352900003,RandomPunter
2026-03-09 04:55:35,day,sports,28,0x5aa981521b4e94fee3b3bf18fe441f62e865febe,9222.93350247455,313677.46198699984,apucimama
2026-03-09 04:55:35,day,sports,29,0xc49fe658479db29e1a2fefebf0735f657dca9e05,8840.21774206098,7453.120184,iDropMyHotdog
2026-03-09 04:55:35,day,sports,30,0x32ed517a571c01b6e9adecf61ba81ca48ff2f960,8665.371177623052,184028.66929299998,sportmaster777
2026-03-09 04:55:35,day,sports,31,0x2652dd1140c3b9e69c8852264cf8dbe727672a1d,7972.693408448162,121558.24815,Punisher2022
2026-03-09 04:55:35,day,sports,32,0x4df332e27f9ee3224f52ce30e3ce15c1075e788f,7886.944900128117,8812.810691,SunlineTicker
2026-03-09 04:55:35,day,sports,33,0x3f5ea0a8053e81ce2f59814118869322c35fe7db,7832.647954962449,22320.28,piggyery
2026-03-09 04:55:35,day,sports,34,0x4453886425fdbcc900525755515244a66659dd3b,7756.266560024656,54510.596644000005,MasonFree
2026-03-09 04:55:35,day,sports,35,0x01c78f8873c0c86d6b6b92ff627e3802237ee995,7572.814016209042,40727.48695,Lilybaeum
2026-03-09 04:55:35,day,sports,36,0x3c1df6fa8784f5b6f33e83b6f8ac8d645bb43846,6768.031721217507,0.0,juamm11
2026-03-09 04:55:35,day,sports,37,0x5b1ab578a31dd9384f2bcd422d409c164b085abf,6351.863124999999,0.0,cappuccino
2026-03-09 04:55:35,day,sports,38,0x61e0cb043c88e34d1502139a682c75d286284b62,6227.110290280849,3506.405146,LCN99
2026-03-09 04:55:35,day,sports,39,0x8c16a7555158aba96a709967ea873d6e2d384b37,6174.739701327999,13713.796803000001,fdevb
2026-03-09 04:55:35,day,sports,40,0x9ccc0ca985cd638f106d5f355cc2e4d11d4ce7e8,6113.491415511844,61539.012232000016,KarlXII
2026-03-09 04:55:35,day,sports,41,0x83abaa3209174997e64213a75c49b893fa9c3d56,6109.045740888585,29549.631189,alliterate
2026-03-09 04:55:35,day,sports,42,0x146703a8a73ae1dff0f84ba44c45d878858a4372,5989.279303596457,0.0,igetlitty
2026-03-09 04:55:35,day,sports,43,0x14619de097b1fbe058d6d36282662c20958a30a1,5858.933292684,1351.9999659999999,fwed33
2026-03-09 04:55:35,day,sports,44,0x8f037a2e4fd49d11267f4ab874ab7ba745ac64d6,5793.53973402048,278964.24840499996,Anointed-Connect
2026-03-09 04:55:35,day,sports,45,0x39d3c773be30fcc73161fc6768f46d563a779ef0,5273.395674948508,13037.993491000001,matanovik
2026-03-09 04:55:35,day,sports,46,0xd1ed12197b7dc22dede923727e9b714024dbd7cb,5213.757880555138,91639.186291,curie
2026-03-09 04:55:35,day,sports,47,0xe3a88e21c028b18f4f66144e4ad3f8b8eb0606d9,5069.625000000001,0.0,TheMcdonaldsBot
2026-03-09 04:55:35,day,sports,48,0x617b46903eaadc7dfb4f94e18408e2033ee3a499,5056.556352242995,6000.0,Weebay
2026-03-09 04:55:35,day,sports,49,0x2b15b1cab8917d786e44765002a07a78ee8c9b08,5029.46744843401,30630.73,FDSEREBS
2026-03-09 04:55:35,day,sports,50,0xf6790c656cf6836f1a172097dd54be53b58216ac,5015.124999999993,0.0,Lynx2633
2026-03-09 04:55:35,day,sports,51,0xd6a3f0ec6c4a8ad680d580610c82ca57ff139489,4976.682362401858,539411.751037,knedloveprovelo
2026-03-09 04:55:35,day,sports,52,0x94a5e75f6fd0816b3490ba32b8b2b0ad88229838,4924.81716106931,27183.999845000002,17th-floor
2026-03-09 04:55:35,day,sports,53,0x14ac84b66a27fc30e56ed620ebfa61cd8105cb21,4873.817883548909,27177.483323,BrokeMaxxing
2026-03-09 04:55:35,day,sports,54,0x079e15961cbf026546d8068aed05121815ec8254,4860.0020468839975,48599.979759,UR01
2026-03-09 04:55:35,day,sports,55,0x6165eea4a70294502eaafe6a6abdcfae35c8db3c,4726.594297908003,16915.59,0x6165EEa4a70294502EAafe6A6abdCFAE35c8Db3c-1763787021961
2026-03-09 04:55:35,day,sports,56,0x1c989680e776753791d70797ff5042fdfb8d186d,4520.132343562485,18121.434007,0x1c989680E776753791d70797FF5042FdFb8D186D-1770489179275
2026-03-09 04:55:35,day,sports,57,0x8b71010f8d18ccce16a37434778117ee2d6b8044,4444.134948315506,0.0,0x8b71010f8D18CccE16a37434778117EE2d6b8044-1735105889785
2026-03-09 04:55:35,day,sports,58,0x4133bcbad1d9c41de776646696f41c34d0a65e70,4438.284720923402,201012.12837000008,EF203F2IPFC2ICP20W-CP3
2026-03-09 04:55:35,day,sports,59,0xb2a48372404e6a0bfb6c2f23d715d3acc5a8cf8a,4225.855174979006,0.0,chenpengzao
2026-03-09 04:55:35,day,sports,60,0x370443ed5511eb6574bf71f664d6f023da2e0e84,4220.785162229999,0.0,0x370443ED5511Eb6574bF71f664d6F023DA2E0E84-1768185164021
2026-03-09 04:55:35,day,sports,61,0xbf2c878cd5d6043697b32067be141647deeb097c,4112.499993584501,0.0,cyc0lin4
2026-03-09 04:55:35,day,sports,62,0x05e35d6c71ecf67517ffb289ea53427da8f84b87,4098.275119584461,13219.610641,0x05E35D6C71ecf67517Ffb289EA53427dA8f84B87-1764992968641
2026-03-09 04:55:35,day,sports,63,0xbde33ac3839672f1bd3fecfc0271ad95f07c4a49,4082.452889791617,52332.915184,EomJunsik
2026-03-09 04:55:35,day,sports,64,0x0eb75bf6f54794a83bd26095811f30b530161f17,4056.745954567872,26700.654082,porclaveel8
2026-03-09 04:55:35,day,sports,65,0xd6a39cef30c927c4d57b5cc519f3a2d0332a9738,4012.539531875367,12929.6,Feint
2026-03-09 04:55:35,day,sports,66,0x7d2f82da7ae8c910bd1e89475be705d313daef1a,3994.6583835641577,5839.918217,TheOpportunist
2026-03-09 04:55:35,day,sports,67,0xdbdd45150249e229eb4ca8aa48a30dca21faa5de,3946.666252481955,33467.603021999996,0xdbdd45150249e229eB4cA8aa48A30Dca21Faa5de-1757094771846
2026-03-09 04:55:35,day,sports,68,0x87381eb06e04384993c87c8c1e8fc29f37f7222b,3778.796171505578,12957.632986,a3lg
2026-03-09 04:55:35,day,sports,69,0x9e16523fd812d1d3d6fa7a2bc6763a07ed5b0127,3749.482993454498,0.0,cd20
2026-03-09 04:55:35,day,sports,70,0xf5e15d3344c35890f1aa716dca88e13eb9065ad0,3708.440241573815,7781.992848999999,Bacc
2026-03-09 04:55:35,day,sports,71,0x6b771f615c7e7117d35b1bf33e4a3de6a937ee2c,3672.2791504768998,23344.02111,veem
2026-03-09 04:55:35,day,sports,72,0x6203a0791b01c7c4cfe69cf74eac422884fc6280,3650.130004527502,0.0,0racleZero
2026-03-09 04:55:35,day,sports,73,0xafe4272b4fb0bcc1d734ee2cdec3e78cdc94f3f7,3568.2463955700578,9573.958927,qiangtai
2026-03-09 04:55:35,day,sports,74,0xa89a4ac84cd6ab775a4cefb377bb0c7259fc8667,3510.232966046,0.0,Ogbum
2026-03-09 04:55:35,day,sports,75,0xb9e54e0e20a11f8add9cca41f9784bb41e6b1809,3337.1539767738795,113060.231508,KevinChe202603
2026-03-09 04:55:35,day,sports,76,0x5609ed43aab729ce044ac6e36c418ecc00d9df51,3248.6349999999993,0.0,A7yidingkeyi1
2026-03-09 04:55:35,day,sports,77,0x1d5c087a82ba920af944000c0b6751c949f94f26,3234.2358232794613,9741.924584,beldewoute
2026-03-09 04:55:35,day,sports,78,0x661daf6af6d884012dd6db73c09d72e8be224dc6,3187.794311988866,43773.97988700001,DOLLAR-PRINTER
2026-03-09 04:55:35,day,sports,79,0xceecb2ecc91e32ebcc6bdee532e3d90055a34ad9,3173.7498882454784,16273.88788,Goopah
2026-03-09 04:55:35,day,sports,80,0xd3022e74780d4461f47f007c28d6fcfff15cc345,3072.4718042820004,0.0,dssff
2026-03-09 04:55:35,day,sports,81,0x02b65e249064de08d48654377f56b9e1d5edfbbb,3055.818170176324,12022.974613,0bdurate
2026-03-09 04:55:35,day,sports,82,0x269ced0ede348b4b3f8fd8470b19f65508f79017,3038.3999673115322,0.0,allen111
2026-03-09 04:55:35,day,sports,83,0x5e6e2c3f06686f2607b86c90e35f536e81a1be00,2985.7042649999057,3730.0,LOSINGBETTOR
2026-03-09 04:55:35,day,sports,84,0xc44f432b014f36679e13615f95996eac32bbd49f,2977.6355439099716,0.0,Zywoo123
2026-03-09 04:55:35,day,sports,85,0xd33aebf2bb60808d6ab360d8d376eb88af38c469,2898.07428729,0.0,A8yishengkendyi
2026-03-09 04:55:35,day,sports,86,0x046c98665e53277960bf5887c940d5acf8b28ca3,2844.8040059339996,4452.0,Nanono
2026-03-09 04:55:35,day,sports,87,0x175eae6867e4aa96973ba7b873e9c7a7657f49b4,2750.9189090242508,20772.052356,0x175eAe6867E4aA96973Ba7B873E9c7A7657f49b4-1771970671430
2026-03-09 04:55:35,day,sports,88,0xdee31034faa022b8a324eeb8496798735d5a6fe5,2727.089257498,0.0,WarewaPain
2026-03-09 04:55:35,day,sports,89,0xa803c7e478c7539ba363a0de9399c4fc2c0b2949,2718.2303187087405,26060.591488,Kaiyunman
2026-03-09 04:55:35,day,sports,90,0x1f09326261750e2027bf42cb26cb9ef5fec69312,2713.992612105587,13519.168321,0x1f09326261750E2027bf42cB26Cb9eF5fEc69312-1772359579899
2026-03-09 04:55:35,day,sports,91,0x9b292d6d18c1f9837af7edfc9b897d8a0fe88373,2585.4551428000004,1055.04,janglinjack
2026-03-09 04:55:35,day,sports,92,0x391dd6c65880963a94da3fb2d31ef419fe5bdef1,2574.342276899618,4343.326739,rocky42024
2026-03-09 04:55:35,day,sports,93,0x62f2cfa51f5bb138d344cdcfa26090c9184007f8,2539.208289635999,0.0,0x62F2cFA51f5BB138d344cdcFa26090c9184007F8-1769001366373
2026-03-09 04:55:35,day,sports,94,0x781caf04d98a281712caf1677877c442789fdb68,2535.0422518154373,27457.699674000003,Avarice31
2026-03-09 04:55:35,day,sports,95,0xd3faf1906cc31e75d1dfa0d7b57e8f97d33da26c,2516.091209030259,53161.267953999995,BigGumbaBoots
2026-03-09 04:55:35,day,sports,96,0xbab7e5508a5022e45904c24cac9a4ac4d6febc7c,2508.207011530336,3251.026798,vonnies
2026-03-09 04:55:35,day,sports,97,0xa25d0d1f95c0d59e01ae4b7f5e0d247e59b12227,2494.3364266730014,28488.587221,0xa25d0d1f95C0D59E01Ae4B7F5e0d247e59b12227-1770226258908
2026-03-09 04:55:35,day,sports,98,0x25867077c891354137bbaf7fde12eec6949cc893,2421.373529901495,15004.604261,TTdes
2026-03-09 04:55:35,day,sports,99,0x2707f2e693b3d20b5a17b603c532571108140afa,2414.525800524585,44899.45329800001,Predictandbreathe
2026-03-09 04:55:35,day,sports,100,0xc1b399b26020a4f689108e9640fd3dc8ffc8501c,2393.3919501304995,1100.0,CoffeeLover
2026-03-09 04:55:35,day,crypto,1,0x61bcad5ea4e55e6995b775a193326297edbf6d0b,12954.88999425,0.0,boom888
2026-03-09 04:55:35,day,crypto,2,0xf2f6af4f27ec2dcf4072095ab804016e14cd5817,9790.771575389022,0.0,gopfan2
2026-03-09 04:55:35,day,crypto,3,0xa7011667f22c121c6cea7aab30192307c58c47cd,7783.749014275003,0.0,BadTattoo
2026-03-09 04:55:35,day,crypto,4,0xe9c6312464b52aa3eff13d822b003282075995c9,7214.445492458064,2368.760829,kingofcoinflips
2026-03-09 04:55:35,day,crypto,5,0xfed8ff0b541ce9a66d632aedebe81bdd1b2c4388,6890.579765870003,0.0,JudgeLance
2026-03-09 04:55:35,day,crypto,6,0x55be7aa03ecfbe37aa5460db791205f7ac9ddca3,6475.613868665649,14655.322488000002,coinman2
2026-03-09 04:55:35,day,crypto,7,0xc258212960295427dd30362e608d0fa476ecd3f5,6052.129483608911,30500.0,0xC258212960295427dD30362e608D0fa476EcD3f5-1772783382229
2026-03-09 04:55:35,day,crypto,8,0xb6fef4c2c436ab8bbf07d017952e851dcf717394,5804.737772866723,46020.36606999999,0xb6fef4c2c436ab8bbf07d017952e851dcf717394
2026-03-09 04:55:35,day,crypto,9,0xde17f7144fbd0eddb2679132c10ff5e74b120988,4480.068313453841,340767.28713799996,0xdE17f7144fbD0eddb2679132C10ff5e74B120988-1772205225932
2026-03-09 04:55:35,day,crypto,10,0xf7a19aad8bd78c2e5e50a0729f6342775a909dce,4354.523223120004,0.0,4zzzz
2026-03-09 04:55:35,day,crypto,11,0x6765c1c000e3b99c7fffea752c561cb868f1fa0d,4086.2133787990024,0.0,JanAMEX
2026-03-09 04:55:35,day,crypto,12,0x3e8f9b935db8aa660853ce8cf340482ccc26e1eb,4084.995026260003,0.0,BT-polymarket
2026-03-09 04:55:35,day,crypto,13,0x51d7e365dff4882c624f1ef8b54137096865238c,3999.9185300299214,7145.82,iiiijiijjijiijiiii
2026-03-09 04:55:35,day,crypto,14,0x2a2c53bd278c04da9962fcf96490e17f3dfb9bc1,3811.0477500000015,0.0,0x2a2C53bD278c04DA9962Fcf96490E17F3DfB9Bc1-1772479215461
2026-03-09 04:55:35,day,crypto,15,0xcc500cbcc8b7cf5bd21975ebbea34f21b5644c82,3618.6148044173606,9597.196001999999,justdance
2026-03-09 04:55:35,day,crypto,16,0xb392b0234600393289f7a5a0dc32af604ea0fc73,3481.584787970998,0.0,Berkaja
2026-03-09 04:55:35,day,crypto,17,0xf705fa045201391d9632b7f3cde06a5e24453ca7,3436.591085189255,5231.55,0xf705fa045201391d9632b7f3cde06a5e24453ca7
2026-03-09 04:55:35,day,crypto,18,0x8e77537e059837d3c2ca5b4efe75e74e9498c4f3,3401.645155617567,45.125,dwpoker
2026-03-09 04:55:35,day,crypto,19,0x430fc12ac13646b962c98dd73e159488812f5947,3310.0895500000006,0.0,5245242
2026-03-09 04:55:35,day,crypto,20,0x5fafa0c06be5dce1e87fe162ccd221cf6e511183,2894.9990769244996,0.0,bubblebutt
2026-03-09 04:55:35,day,crypto,21,0xfcd4c8ea19b9ecb4bc3d20142f0f853955a284dd,2801.2012082200017,0.0,Leebbc
2026-03-09 04:55:35,day,crypto,22,0xa47cbf19fbf4ab27529d7c74fe5c245580725b86,2688.0,0.0,332254
2026-03-09 04:55:35,day,crypto,23,0x965d0b754328692a1ceae77ca9219347dc353a0a,2504.503666124314,102642.513159,0x965D0b754328692A1ceaE77cA9219347Dc353A0a-1772205253317
2026-03-09 04:55:35,day,crypto,24,0x614dc8d3542c12103d2c6a3553fd761e391d1546,2249.9961845999987,0.0,mr.ozi
2026-03-09 04:55:35,day,crypto,25,0xfc727f94b0b5403c3cf3280cda6c17e1a8967193,2224.448227589979,0.0,Dadyrus
2026-03-09 04:55:35,day,crypto,26,0xcc2982e3fbbcaf9af9fa373fa3ae392fd9457774,2103.0349629699995,0.0,hose
2026-03-09 04:55:35,day,crypto,27,0xa55ce71987243538f7e44e199e20def2958274ba,2000.0,0.0,Olivine24
2026-03-09 04:55:35,day,crypto,28,0x93abbc022ce98d6f45d4444b594791cc4b7a9723,1990.0446703200068,0.0,gatorr
2026-03-09 04:55:35,day,crypto,29,0xc12a9983721b113e545a6a0edfb4ad5096bbdc73,1874.048471694,0.0,BlackswanHunter
2026-03-09 04:55:35,day,crypto,30,0x998154d8eb4ba7c4b34b10d76b9742d922d7dec4,1745.2390500000038,0.0,EscalateFund
2026-03-09 04:55:35,day,crypto,31,0xd62840cf26fab216a46c5c9e9920487098e243c1,1711.9938295939994,0.0,0xD62840CF26Fab216a46C5c9e9920487098e243c1-1761619024616
2026-03-09 04:55:35,day,crypto,32,0xa565080236d1b4e45b9995d385f303ff22cbc665,1386.6666665599996,0.0,1223545
2026-03-09 04:55:35,day,crypto,33,0xab828a2bcb4a5a93a94cdeedf3cb70b6211babe5,1333.9938754261048,132.834544,Jaahshd
2026-03-09 04:55:35,day,crypto,34,0xfeb581080aee6dc26c264a647b30a9cd44d5a393,1252.7853287984035,0.0,completion
2026-03-09 04:55:35,day,crypto,35,0xd76930596edbb8c784dcc48f52140875bcd4f90c,1177.79310626004,0.0,dodca
2026-03-09 04:55:35,day,crypto,36,0x388537259dc9e693c1c9b96fdf07a63f6b7aca77,1139.5307973033632,5205.182747000001,easypredict
2026-03-09 04:55:35,day,crypto,37,0xa9e8faf20424f3efbf12abaea0e7069d7546c443,1136.824016222119,0.0,0xa9E8FaF20424F3efBF12abaEa0e7069d7546C443-1727183987392
2026-03-09 04:55:35,day,crypto,38,0xa2c97a854993d3f4935334f89d7dada6a6269c10,1114.5779514948154,3823.9616260000003,shizzle99
2026-03-09 04:55:35,day,crypto,39,0x7073e7876cdbe7edf0bdf2df680b8f3530cc35ff,1098.06442194,0.0,huanghao
2026-03-09 04:55:35,day,crypto,40,0xe55108581aec68af7686bd4cbc4f53ef93680a67,1048.5754020034947,0.0,NeverYES
2026-03-09 04:55:35,day,crypto,41,0x52268b0618c21a3c1ccbec2b110b1ba6c8338554,996.8050308649997,0.0,west77
2026-03-09 04:55:35,day,crypto,42,0x68c9623b8224c66632aded8159b7111614404c60,908.1851582599993,0.0,500AndADream
2026-03-09 04:55:35,day,crypto,43,0xdf4d801cfdff2d5f9104bdb61e5e4569682278f5,886.4445800643267,3098.992808,wonpi
2026-03-09 04:55:35,day,crypto,44,0x0192407994829a43009ce1bfa084e69944666995,860.7569523800012,364.66740500000003,0x0192407994829a43009ce1bfa084e69944666995
2026-03-09 04:55:35,day,crypto,45,0xf499ffe714952193c81b3965f65ae73df95cb5d9,849.942899615,9999.42,Htxclocks
2026-03-09 04:55:35,day,crypto,46,0x5f376822451bd49a69b8a62e6c716d1118d238ff,829.4258000400005,0.0,norbeszbete1
2026-03-09 04:55:35,day,crypto,47,0xd6e8b068b1213e199b61f54eec1ac2793615a959,796.3605949950015,0.0,vitaliy007
2026-03-09 04:55:35,day,crypto,48,0x7277ac5c4c24771d8ed0bcd75816e93800b1ab80,795.1837491599999,0.0,Xuxito
2026-03-09 04:55:35,day,crypto,49,0x630519aed8ebc5e0e08a95f4e83b0ae541c09d0b,791.6636830890056,0.0,tomsir
2026-03-09 04:55:35,day,crypto,50,0x933f05910c2a0a189f484ac07f1748d6cdad1540,765.1651644899939,0.0,minini
2026-03-09 04:55:35,day,crypto,51,0xe617861a96631d7cefdb1ad43e95c33b5946f251,748.1231793233151,35225.202982,0xe617861a96631d7cefdb1ad43e95c33b5946f251
2026-03-09 04:55:35,day,crypto,52,0x86fcd9900fcdfe5e173f5be54fa773da3916bfad,739.9255736939988,0.0,EmpireLab
2026-03-09 04:55:35,day,crypto,53,0x7eb89b08c2e85fca25bc824bf46f7871324f902a,735.2258804730004,0.0,0x7eB89b08c2E85FcA25bC824bF46f7871324F902a-1766332861253
2026-03-09 04:55:35,day,crypto,54,0xb39c9249aeeae17b92cf8cbb4b0910d54c531315,718.7672401178952,1240.265541,0x7242eae4a7b72d60d55019234c39a6a138b12ddb
2026-03-09 04:55:35,day,crypto,55,0x5aa98d9032af25854a33bd6bdba1b42c1b0d374f,718.4038929796291,1744.629384,0x5aa98d9032af25854a33bd6bdba1b42c1b0d374f
2026-03-09 04:55:35,day,crypto,56,0x97bcb1873605e3b07e74898e2050974c8bf930cd,704.3388630800036,0.0,Garibaldi43b
2026-03-09 04:55:35,day,crypto,57,0x83e8723ff456f79445192be823761a4d67517b89,696.0715000000009,0.0,0x83e8723ff456f79445192be823761a4d67517b89-1769715632027
2026-03-09 04:55:35,day,crypto,58,0x39d0f1dca6fb7e5514858c1a337724a426764fe8,691.0032678200371,433.695651,kekkone
2026-03-09 04:55:35,day,crypto,59,0xea72bcd03cba64562fc350096afca4718f87d821,683.6583313000019,178.85999999999999,0xea72bcd03cba64562fc350096afca4718f87d821
2026-03-09 04:55:35,day,crypto,60,0xc2503d10efe737c0e81fea8f90105c7b69cc8d6e,670.2104700000018,3000.0,Possums
2026-03-09 04:55:35,day,crypto,61,0x43d4482a0a69d9bcfea8ce6432629b26c19a13a2,655.1579165759904,0.0,wooter
2026-03-09 04:55:35,day,crypto,62,0xeee92f1cc6d6e0ad0b4ffda20b01cf3678e27ecb,646.5017490698665,348.210603,ComTruise
2026-03-09 04:55:35,day,crypto,63,0x2addd909df018a336506e7d5744bc8b100a932e3,613.7171250000001,0.0,Todur
2026-03-09 04:55:35,day,crypto,64,0x91fca5f80210616c56327b0e317802b6e3de54c9,609.4307025785174,234.92639499999999,multistratpooh
2026-03-09 04:55:35,day,crypto,65,0x2d8553bfc7dfdea6a87aec0d2c0c7d53ca18c543,604.9485084699991,0.0,ToldYouSo10
2026-03-09 04:55:35,day,crypto,66,0x575589f7f36e0227f1b92e33ed0663cc3850473c,598.8884123874886,0.0,Korath
2026-03-09 04:55:35,day,crypto,67,0x84c59284e81ac02fdd21ea179fa4450016e0413b,581.3749999999918,53050.0,gardens
2026-03-09 04:55:35,day,crypto,68,0xf1f9a438f2697381b4ac8eb283d6f4dd772d1245,579.9997998999988,0.0,tunatyler
2026-03-09 04:55:35,day,crypto,69,0xdd8e67a862bd81067891ad41e86e9673229ef023,566.2161052199808,0.0,TexMexTRex
2026-03-09 04:55:35,day,crypto,70,0x9fba105a62b838769d4c389517cadb973f9056d0,558.6801383249995,0.0,Spanky.io
2026-03-09 04:55:35,day,crypto,71,0xa66c20d2dcc15cd2d14766a53295cea11406f291,555.7334914050007,0.0,hahahahaa
2026-03-09 04:55:35,day,crypto,72,0x15e6ddfd2fa2e656e64e6fab9b04866618f83c2b,553.1441311095004,0.0,Bitcoinchadwins
2026-03-09 04:55:35,day,crypto,73,0x846f10bb6a12acc6eda5ffe3b12288aa38e4750e,543.1453735049927,0.0,DogDaysROver
2026-03-09 04:55:35,day,crypto,74,0xa82afc3751a2e58ec985989eb7d51b3f0f179055,527.7487273814913,22856.694689,0xa82afc3751a2E58Ec985989eb7d51B3F0F179055-1772382184810
2026-03-09 04:55:35,day,crypto,75,0x6a429540c87a7d030f7fccca149fcc396734d2db,526.2743728100002,0.0,Dantisto
2026-03-09 04:55:35,day,crypto,76,0x1c766abbc620a7005b97f5a4ac793a37299cd2f5,510.755154964608,1734.537276,bjkbvg
2026-03-09 04:55:35,day,crypto,77,0xce4fd9dfd964f844a17ec33bfc7cd38a0bc9f35e,499.648793334999,0.0,bitcointrader11
2026-03-09 04:55:35,day,crypto,78,0xbc1f5a7f8a5330dcd9ab1ce4b9da23bc33f37631,497.64065694511373,4023.653585,0xBc1f5a7F8A5330dcD9Ab1ce4b9dA23bc33F37631-1767411670965
2026-03-09 04:55:35,day,crypto,79,0xc3fe15c6785976ae937a4a8233d9a32445230ab1,490.03491652499997,0.0,sk294hf3
2026-03-09 04:55:35,day,crypto,80,0xaf2a6729562926fcceaec802bea8baf855623d31,490.0,0.0,Ge1
2026-03-09 04:55:35,day,crypto,81,0x77c7fae20e34a1450f90ec7ebf1c4c9a6e23e53f,487.89773129899993,0.0,phildwan911
2026-03-09 04:55:35,day,crypto,82,0x55e2436d747835c7e40b0c6cf92f632bf1215fc9,484.5187999999998,0.0,Rhabarberbarbarbar
2026-03-09 04:55:35,day,crypto,83,0x2d95b41536543c7c049b4fc48eaee3fd0b9f9270,480.2907457629999,0.0,Alwaysearning
2026-03-09 04:55:35,day,crypto,84,0x3eba55f41f4064bc4b070d06a00fec7c2dd5849a,479.352280000021,0.0,pwnatorul
2026-03-09 04:55:35,day,crypto,85,0xeace661c515b074bfec2d8bd2d51a85ea1305d17,475.0649669675181,2429.448231,grey-cft
2026-03-09 04:55:35,day,crypto,86,0xa4c5a22884d55c37a11fc35d9287dd98563350cd,471.53256733299986,0.0,0xa4c5a22884d55c37A11Fc35D9287dd98563350CD-1769206855542
2026-03-09 04:55:35,day,crypto,87,0xa953a2c33207de8a8dc009c99aaf8a0a958b8bf7,465.47176864000016,0.0,0xA953a2C33207De8A8dc009C99Aaf8a0a958B8BF7-1772347309630
2026-03-09 04:55:35,day,crypto,88,0x991b8cdcdc18b74eef8db47a9e89ff0f17a4f19a,461.5530161000006,342.53000000000003,eagle1001
2026-03-09 04:55:35,day,crypto,89,0x56ffac93d62704a519c0ec7a432e40e9b78296ba,447.92708757999753,0.0,anz322
2026-03-09 04:55:35,day,crypto,90,0xac9b386454ed02ef205e0ebd189d8864fd02d4c5,430.78408900200156,47.0,tryingmyluckhere
2026-03-09 04:55:35,day,crypto,91,0x5350d3d56961ce5ca227cc89c535d0c885615a07,430.71471492,0.0,vadymdi
2026-03-09 04:55:35,day,crypto,92,0xb77b6ef359f02192fb077227499f9f853d4870a5,430.5021636899837,3399.9,IsraeliCowboy
2026-03-09 04:55:35,day,crypto,93,0x66ad4221d66358ab9867f6d8cae73ede08e5cc4e,427.33096382799954,0.0,Marioy
2026-03-09 04:55:35,day,crypto,94,0xac9dbd5ee15beb25f1de5fba52f9923c534794aa,425.8470141600002,0.0,Zheliasko
2026-03-09 04:55:35,day,crypto,95,0x0070b32fbd894ad5447c6629d2c64b9b02410414,414.8178679224293,19078.372977000003,Move50
2026-03-09 04:55:35,day,crypto,96,0x07fb113c9fcb549ceaee69b137e0ee6e959c4696,397.1480883458971,231.10111,Dktb
2026-03-09 04:55:35,day,crypto,97,0xa3fac5b50a5fcb5d9d53ce3fc392d148d740af3a,391.95812826000076,0.0,ILoveXmm
2026-03-09 04:55:35,day,crypto,98,0x8b169487c72e68aa2742fe2492bd5746859103a6,380.84391122000056,0.0,NGC-4889
2026-03-09 04:55:35,day,crypto,99,0xe1194d05876b71b05572c1b59bd49a157f21e30f,375.88301215699903,0.0,jwp9999
2026-03-09 04:55:35,day,crypto,100,0xa7dceff9437c3966aa77f3abf0dc35d17a0b4ae0,370.5673671300001,0.0,cafecrypto
2026-03-09 04:55:35,day,finance,1,0x48185887c8dc95de60ee89722f1d0ee7894cbf0b,3518.9214591405507,32.73,Liquidifier
2026-03-09 04:55:35,day,finance,2,0x777fae71d2ff9ec48a1213d48ba1d9d91024a1bb,2809.439805924456,23449.430000000004,Albert 1953
2026-03-09 04:55:35,day,finance,3,0x770b0acacd4a8856cb8340cb2d67e119b17be274,1132.3919291649972,0.0,Freelist
2026-03-09 04:55:35,day,finance,4,0xdc4f08727c65afc4731b75cf1ed265666b7b4652,904.499933320003,0.0,third-eye
2026-03-09 04:55:35,day,finance,5,0xfa8fc6a3e706bc4aa7556d060564c154322ad61b,851.6377007390016,0.0,singaporesling
2026-03-09 04:55:35,day,finance,6,0x38d812aff0b79f3bf5da2a477f780bcc163eea7c,846.5140814909937,370.0,0x38D812aFF0B79f3bF5Da2a477F780Bcc163EeA7c-1721165130207
2026-03-09 04:55:35,day,finance,7,0x23415ad0f4867d412d5d10e564d62f7938573535,813.2386058074999,0.0,GEMBLER
2026-03-09 04:55:35,day,finance,8,0xf3505345381358c2311ef9bc8096ace10165f3ff,785.9059413004725,747.004209,BettingQuant
2026-03-09 04:55:35,day,finance,9,0xe6534dd9d60cafcd8ac78091fbb883927b1d4594,753.1322219349995,1014.0,johnlarx
2026-03-09 04:55:35,day,finance,10,0xf0ca28d5b0141f0a8e7b251dea80fd881cb166ed,659.1920088459738,896.0799999999999,Hauchn
2026-03-09 04:55:35,day,finance,11,0xcb4b1380637417f5f36a9f02d6f7de7ef240b3f4,635.9171089574997,0.0,4tigers
2026-03-09 04:55:35,day,finance,12,0x622f181cecfc05fb358e33bae7601e8e153d9992,560.1252959999983,261.0,DOCW
2026-03-09 04:55:35,day,finance,13,0xd71c7cacf7ab47c9dae037cfcd340313eff520b3,525.0,0.0,mon1sy
2026-03-09 04:55:35,day,finance,14,0xae7c98235d5dc797edfa3d3af2e0334238a4487e,491.6790091457642,0.0,ProfitMuhammedPBUH
2026-03-09 04:55:35,day,finance,15,0x55d0c13d016624e4b816ea561efd5062b4d1f655,477.1165016185005,11620.03,EpsilonThe3rd
2026-03-09 04:55:35,day,finance,16,0x41816fc1ebdfeb33f6356f2655ab499253b3de86,468.01743857850306,5523.394,BobInvestments
2026-03-09 04:55:35,day,finance,17,0xcbab32f3fb2a64a4df2eddda9b65b9e53642cad4,447.8455968264999,0.0,518cash
2026-03-09 04:55:35,day,finance,18,0x768c8606892f1a1f8416dcb5d1477cbef2e6ab86,433.23389999999927,0.0,mstrtrader2
2026-03-09 04:55:35,day,finance,19,0x7ad88bd9acc75a9e9aa250884a132557a4be6be0,411.23913317000097,0.0,0x7Ad88BD9AcC75A9e9Aa250884A132557a4be6BE0-1768620096833
2026-03-09 04:55:35,day,finance,20,0xa97e43db0a4a6007899abf75817c452d5a7224ff,397.1950005765004,0.0,0xA97e43Db0a4A6007899abf75817c452d5a7224ff-1738522326367
2026-03-09 04:55:35,day,finance,21,0x9b35b6c0ba7f4ea9d27f16dcdfd7d4d13e12f5dd,599.789176440001,0.0,0x9b35b6c0bA7F4eA9d27F16dCdFd7D4D13E12F5dD-1768756499429
2026-03-09 04:55:35,day,finance,22,0x075066e52e3fe0d321625ec92ae6313c095f9db6,573.1711250200024,0.0,SamGTree
2026-03-09 04:55:35,day,finance,23,0xcbab32f3fb2a64a4df2eddda9b65b9e53642cad4,541.9699381055001,0.0,518cash
2026-03-09 04:55:35,day,finance,24,0x7ad88bd9acc75a9e9aa250884a132557a4be6be0,518.8838831700004,0.0,0x7Ad88BD9AcC75A9e9Aa250884A132557a4be6BE0-1768620096833
2026-03-09 04:55:35,day,finance,25,0xd71c7cacf7ab47c9dae037cfcd340313eff520b3,510.0,0.0,mon1sy
2026-03-09 04:55:35,day,finance,26,0x8069c9ea9f5b0eed49ab51a27443d1060b73b7d4,472.06029202749994,213.3,applelover101
2026-03-09 04:55:35,day,finance,27,0x91784d82fbe4543459ee85fc9809be185d70a2b2,433.693578069001,0.0,0x91784d82fbe4543459ee85fc9809be185d70a2b
2026-03-09 04:55:35,day,finance,28,0x53bffcbff36055113b8775ae488e9bda0988bc10,412.01085606000015,0.0,rewardfarmer
2026-03-09 04:55:35,day,finance,29,0x4d3e6f882536f5bde89d20a64e2198b1c1e8783b,390.4208168800001,0.0,bitcoinmafia
2026-03-09 04:55:35,day,finance,30,0x0afed6c97fd7f3a08f817be44c8d7fd5f013ce17,387.979964684,7195.987,0x0aFEd6C97FD7f3A08F817Be44c8d7fD5F013cE17-1759923388613
2026-03-09 04:55:35,day,finance,31,0xa97e43db0a4a6007899abf75817c452d5a7224ff,385.34120818650047,0.0,0xA97e43Db0a4A6007899abf75817c452d5a7224ff-1738522326367
2026-03-09 04:55:35,day,finance,32,0x3de2e890c758a13eb23afa4faee3bd49e68c0c64,326.27932479999976,0.0,ChampaEmpire
2026-03-09 04:55:35,day,finance,33,0x6fa1383aa839e0d87d2a43814f089749b6831f74,290.6707468013325,2083.6879559999998,christineb
2026-03-09 04:55:35,day,finance,34,0x2965566554770169d5f1e887f7cc9d5b528ec74a,288.74600806700005,35.27,JMV0
2026-03-09 04:55:35,day,finance,35,0x424e98c96493458fcdc987afd44afde235073520,286.820663254,0.0,duncka
2026-03-09 04:55:35,day,finance,36,0x476c1e85d5798b6d6e28dea0b34306017eadce52,274.7047061584997,48.7292,0x476c1E85d5798B6d6E28DEA0B34306017EadcE52-1765968468023
2026-03-09 04:55:35,day,finance,37,0x7c3db723f1d4d8cb9c550095203b686cb11e5c6b,261.25872826281557,101.5,Car
2026-03-09 04:55:35,day,finance,38,0xa6d9b55a6a3a54a9d50ca94c64f00af69c50fd2f,247.1691608000001,0.0,kinderSman
2026-03-09 04:55:35,day,finance,39,0x1fea4066d9d8b199f806a28eab1803159d0f5685,244.4074000500002,247.04999999999998,BTCOG
2026-03-09 04:55:35,day,finance,40,0x17bf9e17bc58980772907a666e318a2a30e46731,240.00014216,0.0,Paradise Capital
2026-03-09 04:55:35,day,finance,41,0x90ed5bffbffbfc344aa1195572d89719a398b5bc,238.80447827601165,0.0,failstober
2026-03-09 04:55:35,day,finance,42,0xae234bfddf7eee7c687a25c425532838eaee142e,232.76131448249726,0.0,0xbandit
2026-03-09 04:55:35,day,finance,43,0x6b3f0f764b3c74e8de8f87b04e3c327aca4443dc,220.71017043900065,0.0,Intern.
2026-03-09 04:55:35,day,finance,44,0x79f365b8973887b4d5606650edf6948fcd0bd803,218.3569934000002,1212.92,bigballer
2026-03-09 04:55:35,day,finance,45,0x58ff9e8ba16c03350ca6a09afb44f9afdbac7e02,212.51784999999973,0.0,NUKEIT
2026-03-09 04:55:35,day,finance,46,0x72952c9e5522a5da03b4a7f99d1b48642052a044,211.14273124899984,0.0,Gekk0
2026-03-09 04:55:35,day,finance,47,0xdefebc7ed6f5d6e8710398f37eea6fc1746a17f4,202.42693226999836,8060.3389,e25247f2da2a2462f03c936c379b7ab0
2026-03-09 04:55:35,day,finance,48,0x382caa87e714afb16c2c8b9e2fc023d4b6b2a0d7,199.9601332000002,0.0,Lukyyyyyyy
2026-03-09 04:55:35,day,finance,49,0x712433f69c169ebaaa67ce13f3f66f54575e70c1,191.64775654699997,340.0,S55
2026-03-09 04:55:35,day,finance,50,0x9b06708f82009f5ad2648d6cdc29c45d365b0b42,186.80058213499797,0.0,cassino
2026-03-09 04:55:35,day,finance,51,0xf921cb6f0c1e700bb3fddfc57d99ba844cc17756,183.5758344800015,0.0,upthehell3
2026-03-09 04:55:35,day,finance,52,0x9c9ad74b04c7de5bf3030754e5b1cec7ad02553b,183.43032737899375,10.0,M2Bubble
2026-03-09 04:55:35,day,finance,53,0x714b8a6e115fe36061a2b5922964b654b82a6c2f,178.6506971875,0.0,benj002
2026-03-09 04:55:35,day,finance,54,0x72fae1ca96625bd05ae71b767fb0e7d858f593b6,175.7352517599993,0.0,stueyfresh
2026-03-09 04:55:35,day,finance,55,0xd3d0edd7aa93b7fb3419083f93eee1ca6b293df9,173.68568480750037,0.0,Tomorroww
2026-03-09 04:55:35,day,finance,56,0x933ca00f565ba7130180e58fce4f965cc33ba8c6,172.48714747850022,520.0,PrimePenguin
2026-03-09 04:55:35,day,finance,57,0xff7d67c9e92344decebd2b4d2c64441f1f1cd9de,172.17331801499995,0.0,0xfF7D67C9e92344DECEbd2B4D2c64441f1f1cd9de-1769264599435
2026-03-09 04:55:35,day,finance,58,0xf0bf7489e94705d8ecf3e823dda63dea027684c7,171.22849485500024,0.0,dontkn0w
2026-03-09 04:55:35,day,finance,59,0x9e6296d29b1f04e294e59dcb945e5ec221db9d88,170.70574680500022,0.0,nanaquant
2026-03-09 04:55:35,day,finance,60,0x1dfd4d823a8811fd6326e1e6ba5261973554946b,165.36000000000035,0.0,RubenPearson3367
2026-03-09 04:55:35,day,finance,61,0xb7606d0d3719c88f9b868a13015881af5222ccd7,164.28582585000004,0.0,theta-thunberg
2026-03-09 04:55:35,day,finance,62,0x5ecde7348ea5100af4360dd7a6e0a3fb1d420787,164.12755350450607,0.0,Mujurry
2026-03-09 04:55:35,day,finance,63,0x08458f7e9d2858027de579e4c3ca305475496b6f,160.30379581149896,0.0,GollumGekko
2026-03-09 04:55:35,day,finance,64,0x07d4245464dc4fa05d0b3f084d82482462dc8991,159.0425612066083,10319.553202000001,Wojtek
2026-03-09 04:55:35,day,finance,65,0x9dd9e18b9dcc393705e73966bc79eccbbd9108bd,156.94706440379923,243.0,Glued
2026-03-09 04:55:35,day,finance,66,0xc67d2b6cb5397435bab22034234be366681e1f8a,155.4073635020004,0.0,Kdhd
2026-03-09 04:55:35,day,finance,67,0x35a155c6c9a54db0ef7a9ee9cd120e6903e65b3d,153.27499999999986,5105.0,fgjuykiyutrewgvdre
2026-03-09 04:55:35,day,finance,68,0x22ad27dd0b006e2904386ae70f5f2b63794a8722,150.00578224000037,0.0,realxty
2026-03-09 04:55:35,day,finance,69,0x013dfc13ce1fdfac5e32568f9d03fd2a904a3e88,149.33235252500083,0.0,1635262
2026-03-09 04:55:35,day,finance,70,0xab382a93bbc0de7fcc2731a521737754b6da949d,145.27499999999975,3705.0,rteutiuyhrthty
2026-03-09 04:55:35,day,finance,71,0xdf5e4fa5be349b674874b42cfb538ac6e2534168,144.77948888999998,477.82,JuliusNakamoto
2026-03-09 04:55:35,day,finance,72,0xa5b3d720d746e7fa3522dd031b97b8f97c98df44,144.05000000000018,3285.0,sadfewvdxrghr
2026-03-09 04:55:35,day,finance,73,0xa40cc3bc1278bdefdf869c653a9281df80cb1bae,143.5946758199998,0.0,alphastrike10
2026-03-09 04:55:35,day,finance,74,0x498abb90c40df06537c614dc97f78935317a5e7b,142.7142766799991,0.0,revanchist
2026-03-09 04:55:35,day,finance,75,0x714a685b5454ea4d52979563bbafa77b8168ab2f,141.32211535000533,0.0,pada
2026-03-09 04:55:35,day,finance,76,0x6a9a781b9c2790785842251918dc030ff495c308,139.63401144,0.0,0x6A9a781B9c2790785842251918DC030ff495C308-1769186703674
2026-03-09 04:55:35,day,finance,77,0x743beec1270e1f4a468658bf628ac8cb94e6b802,138.8973788000003,0.0,earshot.zenith
2026-03-09 04:55:35,day,finance,78,0xc12a9983721b113e545a6a0edfb4ad5096bbdc73,137.675765555,0.0,BlackswanHunter
2026-03-09 04:55:35,day,finance,79,0x25dcf4635fe93082e0849fbbf81c95680cf5e33b,134.67839452200042,0.0,XieGuangKun
2026-03-09 04:55:35,day,finance,80,0xb02ea57dbc3e69e08e7aaee78ef6122e301f25e5,134.60895413800108,0.0,bonfino
2026-03-09 04:55:35,day,finance,81,0xddae31ced6bcf32fb5fc3bc52cbff56709ac33cc,131.6350007499974,26280.59,xiaohuahua
2026-03-09 04:55:35,day,finance,82,0x8ffbcec3b8671db89498bddee258132c38f4b2f8,130.53075749000004,0.0,petite
2026-03-09 04:55:35,day,finance,83,0x47ab026767cc320ac6e62f6ec747d59cf4d795df,129.166209727995,0.0,bosshog
2026-03-09 04:55:35,day,finance,84,0x00e1e82c27aae8b2459c7721497e7b481916b679,127.33873958299955,0.0,JumpingJacks
2026-03-09 04:55:35,day,finance,85,0x0a7cb2b2c8aae7fba77a324c37c78bda4f4adafb,126.36180323199733,0.0,EvanGu
2026-03-09 04:55:35,day,finance,86,0xc6409b19b111687b42f63102b551910377d2ccbe,124.076115671,0.0,Vladimirforever
2026-03-09 04:55:35,day,finance,87,0x2a0ebb3a39a0109433d7140fd959545c3cd7a6fc,121.00000000000045,0.0,Goliath-Online
2026-03-09 04:55:35,day,finance,88,0xc4b2573a07e223bbb0adf86cf7f4e61dc1a1c5cd,120.62985000000008,0.0,OswaldTheBrave
2026-03-09 04:55:35,day,finance,89,0x3e3a707b8a660d5c41e05618f382ebf1f9e249cf,120.57378642,0.0,SwiftShores
2026-03-09 04:55:35,day,finance,90,0xcaab19659b995951a44cc992447cb2ad5be324dd,119.65058126291387,221.79,QMG-CORE
2026-03-09 04:55:35,day,finance,91,0x71528368bdff0a0b58493b71832c34c373c5faac,118.40078874699998,0.0,qqqq88888
2026-03-09 04:55:35,day,finance,92,0xc3262aeb0bd81deab067726635f5b5bd39201db1,115.94174942696463,3044.232972,GxUNDEFINED
2026-03-09 04:55:35,day,finance,93,0x81f06a45509d0daad35ef6587bcad9652a3971ed,113.03504149900027,0.0,Dynvest
2026-03-09 04:55:35,day,finance,94,0x5ccb0c873b01b554c52219931fb32206136fd442,112.96000000000103,22592.0,datudouzi
2026-03-09 04:55:35,day,finance,95,0x3238761f20d804b6ae5776e94cdefd79ca313291,111.8110000000006,0.0,lowrisk24
2026-03-09 04:55:35,day,finance,96,0x78c66755790cce49927ed6269b70ef4354654710,111.69496701000025,0.0,expectless
2026-03-09 04:55:35,day,finance,97,0xcb14f61711d913773f4b982af340fa7eae175358,111.55539559800127,0.0,ooops
2026-03-09 04:55:35,day,finance,98,0x40e3181c4e82c30ee0011a7264f31edc69402433,109.86508172000003,0.0,informed
2026-03-09 04:55:35,day,finance,99,0x88b0bd7130b184d110c507bce00978e090fbb118,108.76299551999819,0.0,degens9
2026-03-09 04:55:35,day,finance,100,0xdd2f7447034e1f4feefd4e26c13a0772f6b17e70,105.39879617893621,566.318775,SamS
2026-03-09 04:55:35,day,culture,1,0xb028b82a80c2d1e855ab4f3cd3a18ecf76838686,4813.141116785715,449.99553,Splatlouder
2026-03-09 04:55:35,day,culture,2,0xecaa8806a9a05049d7d5260a33dc924220e377a9,4508.981370305994,0.0,Melody626
2026-03-09 04:55:35,day,culture,3,0xbe78735039230635d5debcdc11400619d7e2c533,2709.508990133889,2564.6099970000005,splatloud
2026-03-09 04:55:35,day,culture,4,0xe3726a1b9c6ba2f06585d1c9e01d00afaedaeb38,1720.8179158186613,48398.24352999999,cry.eth2
2026-03-09 04:55:35,day,culture,5,0x33f832b83b52aa61967fb8ecb2e753734767c5e4,1453.1039865399998,1104.03,fanat12
2026-03-09 04:55:35,day,culture,6,0x5095e97281f28d4d8549fd3834802c24cbb793ee,1384.525264012511,9711.630000000001,0x5095e97281f28d4d8549fd3834802c24cbb793e
2026-03-09 04:55:35,day,culture,7,0x415569616a331f4106dc3a12e921de43b30335ce,1043.5345874219984,0.0,bunnyhunter
2026-03-09 04:55:35,day,culture,8,0x8245ea0d5a476678cb354b69e136908f0757ebed,766.4635986894427,14741.078904999998,0x8245ea0d5A476678Cb354B69e136908F0757EbeD-1721011077908
2026-03-09 04:55:35,day,culture,9,0x6ab68b17c30b4c743d538bcddc52a7c6d7a44a02,759.94727668719,13592.127987,0x6Ab68b17c30b4c743D538bCdDC52A7C6D7A44a02-1773012350128
2026-03-09 04:55:35,day,culture,10,0x1920fb2f2b88ae1942be59a8845c4ef38bafa04e,756.5332856278163,1540.007776,CBTrading
2026-03-09 04:55:35,day,culture,11,0xf3b1d0920ee98e080865f957dc9eb3b899909ca4,685.8096890995002,3274.371392,timeone
2026-03-09 04:55:35,day,culture,12,0xe8dd7741ccb12350957ec71e9ee332e0d1e6ec86,621.8632005603868,93179.37523700001,influenz.eth
2026-03-09 04:55:35,day,culture,13,0xa16a1302ca05463f30faebeb5c045767fde233a1,466.75741000000016,7580.18,AyatrollahKhamemeini
2026-03-09 04:55:35,day,culture,14,0x1295269296e51cd28a3db85fa6728c0e352b5cfd,373.6963250379795,266726.53739600006,FlyingPlaty
2026-03-09 04:55:35,day,culture,15,0x3811e09bb2fa30aff16d9be28c09ee9bba478f61,368.6170559586519,6393.385205,0x3811e09bb2fa30aff16d9be28c09ee9bba478f61
2026-03-09 04:55:35,day,culture,16,0x111ebe964799735810f566bd49cda39c1efef237,358.23360807,0.0,fhanl
2026-03-09 04:55:35,day,culture,17,0xf49ded4b0c5c86687cfcfca354a7b06628137e5b,305.777119718,0.0,blaugrana
2026-03-09 04:55:35,day,culture,18,0x033f0346c007323030eb420305ffede19a95618e,255.5759137130001,0.0,TheVeryGoodCow
2026-03-09 04:55:35,day,culture,19,0x1e524ff2123d380a690dbdf2245de2a9428e91d6,244.90767993134796,2171.04,rocky42002
2026-03-09 04:55:35,day,culture,20,0x53757615de1c42b83f893b79d4241a009dc2aeea,241.90692000000126,0.0,0x53757615de1c42b83f893b79d4241a009dc2aeea
2026-03-09 04:55:35,day,culture,21,0xcbba64cddd05171925ffd05d8f8abd38c83fdbff,208.18233755480378,12604.305868000001,Tresdin
2026-03-09 04:55:35,day,culture,22,0x75d4c19708ad084c1cf6a10cfdf528c76fd94027,198.6120578549926,0.0,maduroisq
2026-03-09 04:55:35,day,culture,23,0xd4bb827c0227774bcde1bd881b36c7d93854a993,194.8431529399977,505.65,0xD4bb827c0227774BCDe1BD881b36C7d93854A993-1768600189069
2026-03-09 04:55:35,day,culture,24,0x03e8a544e97eeff5753bc1e90d46e5ef22af1697,192.6129301150877,6033.80294,weflyhigh
2026-03-09 04:55:35,day,culture,25,0x0eb9ae0d153cc864335f1e6bcf4125c5284bbb3c,190.6559991040001,0.0,K10576
2026-03-09 04:55:35,day,culture,26,0x066a7727f53124db18aa963f900bb95b36f7550d,184.80681456000025,0.0,LeftieFTW
2026-03-09 04:55:35,day,culture,27,0x454c8364b06d56df31531b1fc5bc083f5c1ebd22,180.39099957559029,38845.466662,borja13
2026-03-09 04:55:35,day,culture,28,0xa07ddb63b8ad20854f59fd10ebf126b41c9f9871,165.13587925849993,1199.947642,mytothemoon
2026-03-09 04:55:35,day,culture,29,0xfed76d8ae9dc2bdf727fac5c1431f1135fb29b10,164.40143872,0.0,Schroothandelaar
2026-03-09 04:55:35,day,culture,30,0xb0ef91fd1e5924f49dca12b260dc35b732e239b6,160.2514714050012,0.0,0xb0ef91fd1E5924f49dCa12b260dC35B732E239B6-1764342916237
2026-03-09 04:55:35,day,culture,31,0xdf17f4a8dd01a4cfa6fc3da323a2baee5f8697d1,159.8743938154912,79.27,davisb12
2026-03-09 04:55:35,day,culture,32,0xfefb4ab20c207f11278c222e5276546727f74b5d,159.6300987517152,2538.333332,dfsgretfewqrfew
2026-03-09 04:55:35,day,culture,33,0x2375550d3b98ce364476c81f663a0b878cb0691f,154.2742236775,849.0,0x234
2026-03-09 04:55:35,day,culture,34,0x38e59b36aae31b164200d0cad7c3fe5e0ee795e7,142.17997555500006,0.0,cowcat
2026-03-09 04:55:35,day,culture,35,0x97c24d5d93c8fef969e991ec35082ad191f755d6,139.45742158000007,168.0,c01j
2026-03-09 04:55:35,day,culture,36,0x49dd109f63a08ca0abd31bc9f89fc5507d2a2a32,137.22521499999948,1500.0,Dfmdhahjq
2026-03-09 04:55:35,day,culture,37,0x4da76bbf120899fc10fa6e0aad4bffdd19a7355e,136.47000000000025,0.0,degensruletheworld
2026-03-09 04:55:35,day,culture,38,0x0bfb8009df6c46c1fdd79b65896cf224dc4526a7,135.26018268432586,535.385484,melganis
2026-03-09 04:55:35,day,culture,39,0x89078fd2967eb21d76dc4bcff583bda55fa4a996,132.85324923299203,219.851546,dgnb
2026-03-09 04:55:35,day,culture,40,0x8fbd390dae60b19358c958e1d81e8862ed4e1598,128.9489900000001,0.0,JasmineHudson4945
2026-03-09 04:55:35,day,culture,41,0x63956dd99decfc75fd912e41a0076ab829fc6735,128.19804169999998,30.16,Palidor
2026-03-09 04:55:35,day,culture,42,0x17b2a7d3565c7df66a4aaddd0de2da5ccfb787a1,126.32919565200064,0.0,fable7887
2026-03-09 04:55:35,day,culture,43,0xa906721238942bd9029ec9af68ac831af93084e4,120.3435,0.0,KimberlyRobles1139
2026-03-09 04:55:35,day,culture,44,0xeface9902242b0399856f981600b907dcc9bc9a1,119.9347039359127,148.622591,macrosteaks
2026-03-09 04:55:35,day,culture,45,0x93d44e7cb426a5a1085cc0ce314b8f2befba7345,116.90836949999874,0.0,ajaaja
2026-03-09 04:55:35,day,culture,46,0x4cc25002e1b5d09c1dab0d26dbe2333648829271,115.57142539969664,12516.081887999999,morganfreeman228
2026-03-09 04:55:35,day,culture,47,0x6097871acdecac8eeebd907fd9ed11abdbbb1f22,112.48525,1811.67,0x6097871acdeCaC8EEEBd907FD9Ed11aBDbBb1F22-1773003701941
2026-03-09 04:55:35,day,culture,48,0x95cce2ea3ffe791763d6b85f13c078f6ec15f215,110.5401,0.0,HectorTaylor8456
2026-03-09 04:55:35,day,culture,49,0x5d5e32dc9a054f4e4da123353dded3e2ac379a5e,110.39755149919245,137.68,polybettor
2026-03-09 04:55:35,day,culture,50,0xc1990f52b15a905e4b900299df9072326f48c67c,106.43905634212047,3123.040278,wl002
2026-03-09 04:55:35,day,culture,51,0x0926a8ab545087cae14d89d5af532327d4154624,105.45312333600009,0.0,0x0926A8ab545087caE14d89d5aF532327D4154624-1771539129373
2026-03-09 04:55:35,day,culture,52,0x8046cc752bb2fb231a3c042850e450b859b27331,100.0,0.0,0x8046Cc752bb2FB231A3C042850e450b859B27331-1771615608605
2026-03-09 04:55:35,day,culture,53,0xc0bff7089f8536447e3d963fcbaa2d07e3e12032,98.9180607750477,329.446807,baran-ludoman
2026-03-09 04:55:35,day,culture,54,0x0562e01b3c3e65bb93bf0de32f02cec238a79d66,97.45720779054591,2.51576,iForgor
2026-03-09 04:55:35,day,culture,55,0x47ab026767cc320ac6e62f6ec747d59cf4d795df,91.92599705619068,352.026912,bosshog
2026-03-09 04:55:35,day,culture,56,0x96489abcb9f583d6835c8ef95ffc923d05a86825,88.48042154900031,0.0,anoin123
2026-03-09 04:55:35,day,culture,57,0x4a8accbbcb898b0d9218d98ae83d2dd87000e4cd,85.74706595499993,0.0,nerb
2026-03-09 04:55:35,day,culture,58,0x8b5b1586e7a711c0c09c265d6acb7b5de6a2b852,81.902392,1109.3,0x8B5b1586E7A711C0C09c265D6Ab7b5dE6a2B85
2026-03-09 04:55:35,day,culture,59,0x0d42cc5ff0526fbb8f0bb9eafa9ebba3f23df124,81.85435617605708,374.0,42021
2026-03-09 04:55:35,day,culture,60,0x765fa4c18dd7c3607cdcee7a87681747c2d51508,81.12743745000171,2868.343332,0x765fa4c18dd7c3607cdcee7a87681747c2d51508
2026-03-09 04:55:35,day,culture,61,0x718a70e601d6334e5ad95b6a9fde53eace9f3446,79.26577328000002,0.0,alon276 - 32181
2026-03-09 04:55:35,day,culture,62,0x26a9db0464b0223ec750d64db9c8f3b27dc2f6b7,77.37076646799233,2055.819332,CZZZX
2026-03-09 04:55:35,day,culture,63,0x162f6fff88a52864f2ecc9833e58089d5254798d,76.8100383753499,100.44856999999999,Valen9
2026-03-09 04:55:35,day,culture,64,0x84d7b7a1d571534fbad757dfafdf9e604726298f,74.2161805213932,7.22,rocky42010
2026-03-09 04:55:35,day,culture,65,0x43c96578f7918928514475bd572fd09c7eb547c1,68.69829499999997,0.0,0x9243
2026-03-09 04:55:35,day,culture,66,0x70206b375d931aaaf99392187d89d0e2735cfd20,68.59136040000007,0.0,ChrisMoltisanti
2026-03-09 04:55:35,day,culture,67,0x32d0e9c694d293846adb86158b8d3b07ac1f6070,67.69059282500001,0.0,bmoan
2026-03-09 04:55:35,day,culture,68,0x27213ee3781c0f432680a778ae3f275d0b73325b,65.0167291189992,0.0,165198989
2026-03-09 04:55:35,day,culture,69,0xf72c90c48c3ccdf9f2239c7ac1b309d0d282f818,64.90561454499993,0.0,EternalObl1vion
2026-03-09 04:55:35,day,culture,70,0x49b60d2cda22653ddc8b6ef21bad6d012a7f170c,64.07866499999773,0.0,pkz
2026-03-09 04:55:35,day,culture,71,0x6b44cdccdc280e6d0be71782f0772a6bf4b2be1e,63.541684490422995,695.31,basedbasedmoma
2026-03-09 04:55:35,day,culture,72,0x94379d1db8799dad247a11edc34ff19c09cae75f,62.38710000000003,0.0,MirAsifRodeni
2026-03-09 04:55:35,day,culture,73,0x78048aa26ac1967566b8ed11910b529e5f2d7025,61.18721881308238,6415.999992999999,HorribleWork
2026-03-09 04:55:35,day,culture,74,0x59e4a00ef5f7329ff4b0aff86993089d3674c67b,60.87615591450003,0.0,masturbator3000
2026-03-09 04:55:35,day,culture,75,0xae1a288f5558273a1d1e7903a2625e17dce31271,60.145594380000006,0.0,bncdiler27
2026-03-09 04:55:35,day,culture,76,0xfaeda4cf9c67a1193a2259875628e357c235aa93,60.0,0.0,0xFEEDFACE
2026-03-09 04:55:35,day,culture,77,0xa67685fa5213fd8167977bfb7b3f50c06d511c22,59.99503450900011,0.0,0x8712
2026-03-09 04:55:35,day,culture,78,0x8aaca4ecd04bbe3347e94f08c94cf54ec20c0e7a,59.2057542700004,126.59,FaucetWiki
2026-03-09 04:55:35,day,culture,79,0x01ddf776eb7dcb1ec62994875f1db7764ed0fb46,59.01999999999998,0.0,1236789
2026-03-09 04:55:35,day,culture,80,0xe8cdb8759e5f23da6e0ac5c1d2204fb26ae0dcab,58.183378425,0.0,0xe8CDB8759e5f23Da6e0aC5c1d2204Fb26AE0DCab-1765211170476
2026-03-09 04:55:35,day,culture,81,0x1cb02be110cce61bf3a43bf1bca940857209f493,57.90920525999991,0.0,mihaii1
2026-03-09 04:55:35,day,culture,82,0x5ecde7348ea5100af4360dd7a6e0a3fb1d420787,56.74633433656709,0.0,Mujurry
2026-03-09 04:55:35,day,culture,83,0x1bc0d88ca86b9049cf05d642e634836d5ddf4429,56.40425858599974,0.0,212121212121212121212
2026-03-09 04:55:35,day,culture,84,0x073a1caba3c22e9e361ceae83aaa5405706f91e7,56.210863421999875,0.0,Mantronix
2026-03-09 04:55:35,day,culture,85,0xad5353afe30c2da57709e2704ef3ccdcf67eef24,55.93948466732934,459.499286,AJSV
2026-03-09 04:55:35,day,culture,86,0x4df7da721042bf8b75bd1cb7acbeb7f83aaf522d,55.851065863402255,5476.996526,NoMoreMister
2026-03-09 04:55:35,day,culture,87,0x38f8d8ca806c65b27a1ccc500424ed712599f27b,55.385919400000034,0.0,EpsteinNapeRiggers
2026-03-09 04:55:35,day,culture,88,0xd6eef76188c7068719ac881460b7431e1ae137a2,55.380046190731036,2325.467167,PX5oo
2026-03-09 04:55:35,day,culture,89,0x185fd8f1ac99dfcef1aade1cd2a63db38d383649,54.10196465899999,36.120000000000005,PandaAgain
2026-03-09 04:55:35,day,culture,90,0xd654518b27facafff5e1f5db323d72f70c68dd72,53.46876800000001,0.0,Spook097
2026-03-09 04:55:35,day,culture,91,0x77a18f221083fdd5ca17aef29ff48aaaa669de3d,53.079420504502195,0.0,wolfmoon
2026-03-09 04:55:35,day,culture,92,0xf91bcf833b5801cb6dff1bf3d63f7b4b6ef0766e,52.69568978999996,0.0,tengzhao
2026-03-09 04:55:35,day,culture,93,0x18fab2ce7c0a6ba503c3cc64bb19df6bc9723730,51.547500000000014,0.0,NatalieJones5294
2026-03-09 04:55:35,day,culture,94,0xd13461540781ae1f57bc3a0abfcfa7e33af55558,51.523000000000025,0.0,JoshuaMiller6909
2026-03-09 04:55:35,day,culture,95,0xb51b3beffd13cde071ed799e70a7b0b598e8b4d9,49.54504578699925,0.0,cambridgeisaac
2026-03-09 04:55:35,day,culture,96,0x4543fcf486300f69c4227097a8dd420f734838ac,49.3792043735,1686.233893,0x4543fCF486300F69c4227097A8dd420F734838aC-1771652640025
2026-03-09 04:55:35,day,culture,97,0x53955bc3c375d90801064995e884864c84c19d41,49.21999999999997,0.0,PatriciaFisher4900
2026-03-09 04:55:35,day,culture,98,0xaab9f5e600a5dd88fe3a6f93313b180f6220a08d,47.572600096502356,0.0,DirkDiggler67
2026-03-09 04:55:35,day,culture,99,0xdb5fea22c8a0587695ecddd7bfad3019c56b35bd,46.55808630699994,0.0,0xDB5fea22c8A0587695ECDdd7bfad3019c56b35bd-1772306678220
2026-03-09 04:55:35,day,culture,100,0x64befd4360723d4fd0ad845b99dd69f14b3ac653,44.566501915826876,541.976987,WalterSobchack
2026-03-09 04:55:35,day,mentions,1,0x0f2bb5be2a8d69340682c83bfb382a5e2d86d78b,200.35499999999996,0.0,12585
2026-03-09 04:55:35,day,mentions,2,0xfcd937a647e659890b3287767268dfe12b436c92,167.125,0.0,JuanDeleon5691
2026-03-09 04:55:35,day,mentions,3,0x92a6294cd55b9c6ccd57efaffc365ad943118b84,165.46582180000019,5319.160000000001,Trustinghorse
2026-03-09 04:55:35,day,mentions,4,0xc3c9083f13b219dcbb6b81b2d6877a58ac5aaf45,97.00000000000006,0.0,RebeccaSalinas1108
2026-03-09 04:55:35,day,mentions,5,0x48ecc049f171a8c7758e5d351e5f6c3c6df58f36,85.85288144399999,152.221421,machiavelia
2026-03-09 04:55:35,day,mentions,6,0xac65ce0c6ffabecec55c4967473ce6e97defe4f2,85.0,0.0,quantam
2026-03-09 04:55:35,day,mentions,7,0x001642baab53effeccdb67c434effab3da721b7a,83.505,0.0,whalesfriend
2026-03-09 04:55:35,day,mentions,8,0xda6483c74be56f20753490e5af0de21bf23c9bc5,81.79500000000002,0.0,TimothySharp6888
2026-03-09 04:55:35,day,mentions,9,0x9e8ecc4cb3c4e48f544cba2fbbb252a6a65e8db8,77.66473881500133,1596.357835,DREAMBIG.
2026-03-09 04:55:35,day,mentions,10,0x499e2d848fda90d4330ecf9fdee2905be5a4d27e,72.890831421,520.65,0x499e2D848FdA90D4330ecf9fdEe2905Be5a4d27e-1773005112173
2026-03-09 04:55:35,day,mentions,11,0x5bcb4d1f527d4e098d15a5d92e8cf23d237ef59b,71.25,0.0,MarioChristian1918
2026-03-09 04:55:35,day,mentions,12,0x88f19eaccdcf349be03af16eb6e058d7648b8e46,64.69500000000005,0.0,NicholasWilkins3556
2026-03-09 04:55:35,day,mentions,13,0xed63a04beddb87180027ee51f9acf73f7e44e1c6,63.67681930899994,0.0,qwert12345qwert
2026-03-09 04:55:35,day,mentions,14,0x1236d4c9f5926125a0fee759b23942cfd618c968,63.625015270971005,5064.267346,0x1236d4c9f5926125a0Fee759b23942cfd618C968-1771524654076
2026-03-09 04:55:35,day,mentions,15,0xbf13934a1fec7d3211fc15c138d84ac2a691b91a,57.51095999999984,0.0,Bilberry
2026-03-09 04:55:35,day,mentions,16,0x30687f44db250f7d914acb4ddc9634c3400e083d,56.10882211350008,1007.5600000000001,YoungMoziRPG
2026-03-09 04:55:35,day,mentions,17,0x9e455413b57a792dfd92032f9a7a9fb282803662,56.096551093000016,0.0,Frieren68
2026-03-09 04:55:35,day,mentions,18,0xed1d7c088102648bf1277992161b04b3725e8707,50.25561509327781,94.22149,The-Loser
2026-03-09 04:55:35,day,mentions,19,0x8745951fd01c174c1a399034edc0016279b84805,49.825000000000045,0.0,goiasec
2026-03-09 04:55:35,day,mentions,20,0xef37cd265e98f2619dced7ad2095f75e5687f2bc,47.5,0.0,LatoyaMendoza5181
2026-03-09 04:55:35,day,mentions,21,0x0b3203a5bfa8aad28258601998d50789921dc8a9,42.899999999999864,0.0,philanthropyroundtable
2026-03-09 04:55:35,day,mentions,22,0x98041af4f49ec9e176d88fe35ed3b56b87cfd512,42.87372499999998,0.0,totti9494
2026-03-09 04:55:35,day,mentions,23,0xffbc3633a51838f0ce176ba01f2ae8864b75b889,41.33099981999999,461.37,MikeMNM
2026-03-09 04:55:35,day,mentions,24,0xf658449199d0bcf544de0ff928a3b66685f3dcfe,40.0319499999996,0.0,QbertRules
2026-03-09 04:55:35,day,mentions,25,0xf7b4304e6933c09ca8730ac9c108c2d5e05b5dbe,36.80578693000001,0.0,0xF7b4304E6933C09Ca8730AC9c108c2d5E05B5dbE-1750068464307
2026-03-09 04:55:35,day,mentions,26,0xc9751b5f25e1ecd88ec4630d19422b58d0562c68,34.75254397950039,329.99918099999996,NeoThuleism
2026-03-09 04:55:35,day,mentions,27,0x159f45446d6e6152f0daced013dd25a2b74f333f,32.36999999999999,0.0,mvdeed
2026-03-09 04:55:35,day,mentions,28,0x682dbb961b8b4c4c99d9d56557d5ad68847e4cd6,32.051120105,1078.0975,St3f
2026-03-09 04:55:35,day,mentions,29,0x55168ab85b9b201247fcbb0790a030e0011e2263,31.718999999999937,0.0,KellyRussell2145
2026-03-09 04:55:35,day,mentions,30,0x84aa74170d57aae598d0c2d97a8119fe12e4d5c1,31.66728150000006,0.0,Gogo91880
2026-03-09 04:55:35,day,mentions,31,0xfcf0a49aa7df97cccc5e56ddea3567b72de488f7,30.37975000000347,0.0,zippa
2026-03-09 04:55:35,day,mentions,32,0x4acf2ad93f608ead3144e3e0aa326d259edc106c,29.716444093000064,684.417448,0x4aCf2aD93f608eAD3144E3E0aa326d259eDc106C-1769793016358
2026-03-09 04:55:35,day,mentions,33,0x858632064dd6813401f793dd129ba1f47cb41316,26.548683972,0.0,SweetHagrid
2026-03-09 04:55:35,day,mentions,34,0x8dd25762f2ded7b362fb97a7759872476876e163,25.969934403499963,0.0,D-slip - 25671
2026-03-09 04:55:35,day,mentions,35,0x133866c18f0db1f88508321241da6e6b1776a747,25.665922963271022,0.0,Ventvs
2026-03-09 04:55:35,day,mentions,36,0x541a1228b49a00abde0b9665ad0755abc4cb1740,25.397000000000034,0.0,allinblockchain
2026-03-09 04:55:35,day,mentions,37,0x6ca0cfe4ed627cb4ebe0193e69de9823a007e59d,24.240351640965002,10.0,Forch
2026-03-09 04:55:35,day,mentions,38,0x4e14d4d80215352a1f2ddb21aae90ba36ad786f0,23.56503323800007,0.0,OneDollarBot
2026-03-09 04:55:35,day,mentions,39,0xa24d3122ecad883b0fe1ff7b9b2d9967e23d3065,23.45999999999964,0.0,Anatol50
2026-03-09 04:55:35,day,mentions,40,0x3314241c37a296e9aece7e7dfb5898652b4aa8c7,23.332495844999983,0.0,0x3314241c37A296e9AeCe7E7DFB5898652b4aa8c7-1767968276778
2026-03-09 04:55:35,day,mentions,41,0xa9aeaedfb559e1f700f62df90d3068f3c9678598,22.06749999999988,0.0,ScottNguyen2159
2026-03-09 04:55:35,day,mentions,42,0x89b26d014ded91f54aff18661f60f1d37ecc0eb2,21.875,0.0,WilliamBoone7367
2026-03-09 04:55:35,day,mentions,43,0xc1ebdb73e973b2a24e713f84014c8c240685dabb,21.589224299999387,0.0,Bibi
2026-03-09 04:55:35,day,mentions,44,0xc6f71e0dd4f309f0854bb855c389d95c5ffc87ae,21.549979630465884,1593.0319159999997,AnCap.Investor
2026-03-09 04:55:35,day,mentions,45,0x9b2fcb79bdb8a6a6174da327e9335f7889c6d8f8,20.963739058000556,178.52999999999997,SloppyDonny
2026-03-09 04:55:35,day,mentions,46,0xe4d92f879d3b55c26c1f672acedf8ab17a2c2a4e,20.319999999999936,0.0,exeloncorp
2026-03-09 04:55:35,day,mentions,47,0xd8e0a69692118d0f88d4b46caa36403cc8b5a63b,19.160000000000025,0.0,sportswagers
2026-03-09 04:55:35,day,mentions,48,0xc40681969b90c1e54527775fa48273a06bef07d9,18.78667782500088,0.0,ChetterHummin
2026-03-09 04:55:35,day,mentions,49,0xecba4e454601be69b3ba7f8861db18364b96c488,17.687999999999988,0.0,lastWAR
2026-03-09 04:55:35,day,mentions,50,0x66f21fa086061e4370c1a2a5006bd08742be2bad,17.608499999999992,0.0,LisaSullivan7004
2026-03-09 04:55:35,day,mentions,51,0xcd9cd64d08499ac9f919155c22ae5f21c9867133,17.595158059999903,0.0,imafish
2026-03-09 04:55:35,day,mentions,52,0xad89f899f1524533adfd1e6a07da692fcd92f6e1,17.58966593400328,1821.214095,SuqMadeek
2026-03-09 04:55:35,day,mentions,53,0x2375550d3b98ce364476c81f663a0b878cb0691f,16.599999999998545,0.0,0x234
2026-03-09 04:55:35,day,mentions,54,0xe868740f07329f558ca801ddd936288b688a201b,16.4634,0.0,shuiwangwang
2026-03-09 04:55:35,day,mentions,55,0xb37f3f453a78aebc6f39bf577f2d53708dadfdcf,15.50626722900003,94.09,Wwx
2026-03-09 04:55:35,day,mentions,56,0x508212fa8e10afce25025422161c15c68b8b049d,15.340245583500064,44.824866,Rebecca-95
2026-03-09 04:55:35,day,mentions,57,0x82178ad548a5fd769583a1c361b34b966ae139b1,14.784986006800409,180.0,20to1k
2026-03-09 04:55:35,day,mentions,58,0x031345d6dd468805777367762eda31b4c5a867db,14.502672040499903,67.32,Katrakila
2026-03-09 04:55:35,day,mentions,59,0xb70ca6916c8b1f4ab45bdddfa0e0d76d9e179b00,14.369490558000003,49.663544,Leetcus
2026-03-09 04:55:35,day,mentions,60,0xdec2a6879cf654e6bc2c0e125f65b2fa3e27b015,14.290710000000004,0.0,nevastress
2026-03-09 04:55:35,day,mentions,61,0xddb4258bbb1364159ace4b5467c9d96e23c03410,14.141110760000004,0.0,0xDdB4258BBB1364159aCe4b5467C9D96e23C03410-1761893709090
2026-03-09 04:55:35,day,mentions,62,0x75003de792a09a4d0345913baf9c63d08faa567f,13.907683177999957,459.764544,0x75003de792a09a4D0345913BaF9C63d08Faa567f-1763836802268
2026-03-09 04:55:35,day,mentions,63,0x0729207a97c222de0a82a4a205461464c0a64e62,13.906310079999912,1432.0700000000002,dontrektmeplease
2026-03-09 04:55:35,day,mentions,64,0x41cb8653fd75ebf2a46741d224dc596e5a72a5df,13.77308064349836,0.0,AnaFav
2026-03-09 04:55:35,day,mentions,65,0x149f91a2622dccde7380d76695ce8a964e8ad306,13.472968806804033,119.997141,JRocHWC
2026-03-09 04:55:35,day,mentions,66,0x97048c1cd1ce295f9bfdf9f222efac2722938e26,13.293228482499956,0.0,0x97048c1CD1Ce295f9BfdF9F222eFac2722938e26-1770913463145
2026-03-09 04:55:35,day,mentions,67,0x7f40745a9e8eaa25eeda529a782e22167443bd8e,13.187163036000001,0.0,pedes
2026-03-09 04:55:35,day,mentions,68,0x22dbd51e1a4e10fff072fa24300238c64033190f,13.051158779999241,0.0,SusanWarrenHR
2026-03-09 04:55:35,day,mentions,69,0xe274261e25895b9e51ba99f21959cd92cf6eeea3,12.617961862000016,0.0,winniepook
2026-03-09 04:55:35,day,mentions,70,0x04f6dab1a3d35fc9ad828536cd0f493013fd311a,12.584169434999922,52.5,LineEditor
2026-03-09 04:55:35,day,mentions,71,0xf0b0ef1d6320c6be896b4c9c54dd74407e7f8cab,12.488795085815582,618.9085689999999,daroghi
2026-03-09 04:55:35,day,mentions,72,0x8301ba6b12c7872de2966375960ef12d628e3bdc,12.275000000000006,800.0,tiancs
2026-03-09 04:55:35,day,mentions,73,0xd5f288c7273d6050514fd1972e2819d3ec5f3ca1,12.153894780489992,0.0,0xd5f288c7273d6050514fd1972e2819d3ec5f3ca1
2026-03-09 04:55:35,day,mentions,74,0x2ecb34e1cb95b3c8d9d3e2905668d3eee03a7645,12.106794859999127,77.17,pengu2n
2026-03-09 04:55:35,day,mentions,75,0x7f0f4f129cc3310649d532c1642635ad756a98e8,12.024999999999977,0.0,TraceyHamilton5170
2026-03-09 04:55:35,day,mentions,76,0xc8ab97a9089a9ff7e6ef0688e6e591a066946418,11.739925734494875,0.0,ArmageddonRewardsBilly
2026-03-09 04:55:35,day,mentions,77,0x50396e4d9d11d38b0dcfd75280101a315f50946d,11.557421539000188,0.0,Barboncino
2026-03-09 04:55:35,day,mentions,78,0x8e61ebcedb7d579fffdef490fb05ba2f14feeaee,11.399999999999991,567.9560710000001,Gh0u1L5
2026-03-09 04:55:35,day,mentions,79,0xcb59ea1babf3b26ea50088057e427ab0ed8f0a22,11.21544979500868,0.0,BeneGesseritVoice
2026-03-09 04:55:35,day,mentions,80,0x13cd806cb0b70c2a6b81cd6b6a8c214becce7f8b,11.178456549999964,1.15,your-daddy
2026-03-09 04:55:35,day,mentions,81,0xe8d5e8f502a857570936434ae005d5e9adcb1cae,11.137499999999847,0.0,kevinbest
2026-03-09 04:55:35,day,mentions,82,0x2cc32185271bf5910ebcb82e79f1b911b9a7d1bc,11.080387737499997,8.07,0x2cC32185271bF5910eBCb82E79F1B911B9a7d1bc-1761437273735
2026-03-09 04:55:35,day,mentions,83,0xcb03aaae629c0ee10e1278a4b0dc761770755ae4,10.899999999999977,0.0,Llmt
2026-03-09 04:55:35,day,mentions,84,0x739d8304c2f0ccab3f55cb4e36c94066fad8231e,10.800000000000011,0.0,Waltyy
2026-03-09 04:55:35,day,mentions,85,0x83c56c56bc67c0b99b38abd1c0a3c1aca7a7e193,10.516876130999663,299.991934,5ryrfgbfhdhgh
2026-03-09 04:55:35,day,mentions,86,0xbd3159fee50dcd5b3efe437879b3eaef2e998004,10.431203879999885,576.1800000000001,govalorant
2026-03-09 04:55:35,day,mentions,87,0xcf7e68ce8c4f30eb2abc6b33320e8f4e2b2b35b7,10.420634741000043,0.0,BitwiseCash
2026-03-09 04:55:35,day,mentions,88,0x9dd483126ebe16f2d853d49060040b556a95a038,10.057587649000002,0.0,HyperboreanBryanCaplanFan
2026-03-09 04:55:35,day,mentions,89,0x5e5064b78a709e4e20608e46c6d61b212a0d83e9,10.007631077499951,0.0,Solotov
2026-03-09 04:55:35,day,mentions,90,0xffff50f0ac08761684731603b97ae806566235be,9.870000000000118,0.0,DawnBriggs5660
2026-03-09 04:55:35,day,mentions,91,0x134a63b764ac7b008356e8db1857db94e6b09e42,9.755650920051266,731.5699999999999,Bertapotamous
2026-03-09 04:55:35,day,mentions,92,0xd1613bfcccbe2d37b4a51b53fd372777c047bcf0,9.569999999999936,0.0,KelseyOrtiz4634
2026-03-09 04:55:35,day,mentions,93,0xa9bd8e44b603a61ec1aa40981835e028858c4d4c,9.480000000000018,0.0,WendyNguyen9155
2026-03-09 04:55:35,day,mentions,94,0xb33159fe708554ed0be6996a8992e2f865fb1786,9.3566000000028,0.0,DarkZuckerberg - 28387
2026-03-09 04:55:35,day,mentions,95,0xd9dbc1a64eecd9bf775893c90a5056d078bfd937,9.315817173601992,129.89,Sk1z
2026-03-09 04:55:35,day,mentions,96,0xe1e3aabc3de5c24e68e19094ab69e206b2de4f06,8.923428380000132,36.57,Cryptokhidd999
2026-03-09 04:55:35,day,mentions,97,0xce65316dc1178375adab6443cf4963193eed66fd,8.900000000000006,0.0,JessicaHuerta6606
2026-03-09 04:55:35,day,mentions,98,0xe2a8602a2e4cae31bf4d72b7352d8589ac0b9b29,8.768999999999963,0.0,DarylSalazar2758
2026-03-09 04:55:35,day,mentions,99,0xd6eef76188c7068719ac881460b7431e1ae137a2,8.767136246554173,1403.602601,PX5oo
2026-03-09 04:55:35,day,mentions,100,0xd1f008a15c3f5691cbfc97038bf0f4242489f5f7,8.611000000000004,0.0,FBhu8qsb
2026-03-09 04:55:35,day,weather,1,0xf78dd17e5abbb6f3ef76858061b58891f1766fb5,4250.991124546201,0.0,Thumber
2026-03-09 04:55:35,day,weather,2,0x38cc1d1f95d12039324809d8bb6ca6da6cbef88e,3389.4108442244797,10144.054041,NoonienSoong
2026-03-09 04:55:35,day,weather,3,0x6c2be10fb07747a3c751c77774938a15fbcf36f4,2288.480000000001,8008.7425,lmcaimiku
2026-03-09 04:55:35,day,weather,4,0xc34faf3d897b9ef58468d707c960226f1e29cb9e,1784.6211463090017,1599.53,macbook2012
2026-03-09 04:55:35,day,weather,5,0x376a5fd4c4941280fbf511489558e9b7de31d270,1467.0857521423181,14782.771193999999,hfarme123
2026-03-09 04:55:35,day,weather,6,0x118689b24aead1d6e9507b8068d056b2ec4f051b,1333.2319432924996,0.0,russell110320
2026-03-09 04:55:35,day,weather,7,0x058327e8fec1fdf218c4c2c20f3a30db18887dd4,1156.7002616783998,14380.958618,casus
2026-03-09 04:55:35,day,weather,8,0xa1782a357ec27ad78ef58394953184fa52522112,906.3739249999999,3010.0,BrightSpringFox
2026-03-09 04:55:35,day,weather,9,0xc5566feaeb5e88a3d0c29af86f890c7ee57b9720,795.4240538300003,2601.34,SignalAndNoise-777
2026-03-09 04:55:35,day,weather,10,0xb1625df4b56d991c0ff67a3e3d27d817c7bf9da7,705.5000000000002,0.0,0xb1625Df4b56d991c0fF67A3E3d27D817c7BF9DA7-1768507922496
2026-03-09 04:55:35,day,weather,11,0x15ceffed7bf820cd2d90f90ea24ae9909f5cd5fa,673.0708469880083,2479.0,HondaCivic
2026-03-09 04:55:35,day,weather,12,0x6297b93ea37ff92a57fd636410f3b71ebf74517e,573.1330586134973,6239.378672999999,neobrother
2026-03-09 04:55:35,day,weather,13,0xf787b8a3a4c6990f48614a0b9af8422e3e7a1b63,551.0412358749998,0.0,0xf787b8A3a4c6
2026-03-09 04:55:35,day,weather,14,0xe69356b5de5084669dde82507f34c6f8782fdd17,492.87655000000063,0.0,randomizer1998
2026-03-09 04:55:35,day,weather,15,0x331bf91c132af9d921e1908ca0979363fc47193f,446.74108871186036,12436.238948999999,BeefSlayer
2026-03-09 04:55:35,day,weather,16,0xeff8d56fa29f7249843b0b711524431fb94c95c3,443.0400000000001,0.0,jyhfgjftghdfg
2026-03-09 04:55:35,day,weather,17,0x2b67e76311af7b7296375dd30bc97ee6285a22e4,436.80000000000007,0.0,tuhjfyrjfj
2026-03-09 04:55:35,day,weather,18,0xea5542757223ea73e58dfb3021d333c305fb5f69,427.44000000000005,0.0,jfjfgjhgfh
2026-03-09 04:55:35,day,weather,19,0x61984764bce2648b5a2d4fa51318039ad3c8c779,348.3760782510082,1298.0043,0x61984764bCe2648B5A2d4Fa51318039AD3C8C779-1772754358409
2026-03-09 04:55:35,day,weather,20,0xb8fca82fafe3735faa7df168582c1e7d709088e1,343.67739104450084,330.46000000000004,0xb8fCA82FAFE3735fAa7df168582C1E7d709088E1-1730643980537
2026-03-09 04:55:35,day,weather,21,0xa11376e9f170aaf97664cac13e9ab210a70193f4,324.41691840800036,2020.0,ballzi.
2026-03-09 04:55:35,day,weather,22,0xe598435df0cdf5d22bdd5082d557f75f9180a0a8,316.917093829794,26552.657869,bamesjond
2026-03-09 04:55:35,day,weather,23,0xf7a4f1a3716f79e4f588642b5d60e61ddc1cf148,251.57545568099977,0.0,0183648392
2026-03-09 04:55:35,day,weather,24,0x909173dfd5b13d68f1b6e8a874403d0a4ce7f710,248.17464627183188,7110.551807,Imhoward
2026-03-09 04:55:35,day,weather,25,0xb15b740e8437cf9e90160b66587d615a2c8b5215,247.69369301785412,5146.472539,harrypotterr
2026-03-09 04:55:35,day,weather,26,0x24fe0b16c9833c78cb50d56036a7e8b195f73419,243.8929888936998,1376.51,Nobi-Nobita
2026-03-09 04:55:35,day,weather,27,0xe92d131b08224b97e55ebecc3d5f37fc0376bffc,229.20863242399997,0.0,resonanc
2026-03-09 04:55:35,day,weather,28,0xaa7a74b8c754e8aacc1ac2dedb699af0a3224d23,217.46415471728506,1355.9401,securebet
2026-03-09 04:55:35,day,weather,29,0xf72044fb3f98854411a069d9a682e54e4b824599,195.36095248483116,30.740000000000002,Gennedy
2026-03-09 04:55:35,day,weather,30,0x8c7bddb9ba7d8fd53bd2735e4915c22cc257bd59,176.375,0.0,zero-to-zero
2026-03-09 04:55:35,day,weather,31,0xea1cf96f16d14d936fee288e556fe46ee8a14daf,173.92426804800016,17132.79,Cloverince
2026-03-09 04:55:35,day,weather,32,0xbd9f3dd54ed28ea7cf4d2b0ec4623dc7a728d10f,152.21202,400.0,0xBD9f3DD54eD28eA7cf4d2b0ec4623dC7a728D10F-1762601329394
2026-03-09 04:55:35,day,weather,33,0x7acff93a4f459ba2ac0fcc19eadb6d2ef0cef67b,147.306536832,0.0,Pel
2026-03-09 04:55:35,day,weather,34,0x9e7f3c9844232a33c2a000a2ac785b6614fb44d4,144.19471978964634,43.645680999999996,0x9e7f3c9844232a33c2a000a2ac785b6614fb44d4
2026-03-09 04:55:35,day,weather,35,0xc713405cb675a94e386facaeb100db6dc790891f,143.22000000000003,0.0,KathrynMorris6603
2026-03-09 04:55:35,day,weather,36,0x45b2cb2ae97f7dd81aa20058337a7a8b29b4cbc1,138.4776736570002,0.0,mocamoca
2026-03-09 04:55:35,day,weather,37,0x274c3b18a52533645977039a171a96cbafad4824,136.91464242749998,0.0,benben2026
2026-03-09 04:55:35,day,weather,38,0xc8ab97a9089a9ff7e6ef0688e6e591a066946418,133.08132481976645,41.590906,ArmageddonRewardsBilly
2026-03-09 04:55:35,day,weather,39,0x4e25605fd905e9972efc0f4d8814530c655cd7a7,129.6947380790025,0.0,0x4e25605fd905e9972efc0f4d8814530c655cd7a7
2026-03-09 04:55:35,day,weather,40,0x0eec4a7fd0443352736c83c20d8055af02cce587,126.55285067900013,0.0,0x0eec4a7fd0443352736c83c20d8055af02cce587
2026-03-09 04:55:35,day,weather,41,0xb8ad2849635c9ce413f1fdd2e7b364bbfafeff58,124.94718792890535,44.97,Rr55
2026-03-09 04:55:35,day,weather,42,0x13e675e8935d0736161adacd4604977f8ed3c310,116.286181185,223.42,wwwBot
2026-03-09 04:55:35,day,weather,43,0x0c28ac84615aab5d03a6b8e68f4260f1c9370d2a,114.69707070800001,0.0,rushhour2FTW
2026-03-09 04:55:35,day,weather,44,0xbaf10cae7c0cefeee4fca611304e01f40e4cffd5,103.92542757450003,386.19350799999995,0xbAf10CAE7C0cEFeeE4fca611304E01f40e4cFfd5-1771003006491
2026-03-09 04:55:35,day,weather,45,0xb40e89677d59665d5188541ad860450a6e2a7cc9,98.9691080124212,6003.976634000001,Poligarch
2026-03-09 04:55:35,day,weather,46,0x28bb68dda06c356b7a51ee7352ecd13147c27291,95.76437432249983,74.0,0x28bB68DdA06C356B7a51EE7352ECd13147C27291-1772003212443
2026-03-09 04:55:35,day,weather,47,0xd75d96a23515172778d3281f53c9180b985100c8,95.25121073199989,0.0,Varyag
2026-03-09 04:55:35,day,weather,48,0x9516fc82b7568633c4e4ac534eb2397436d4a6b4,93.70000000000002,0.0,shincehorr
2026-03-09 04:55:35,day,weather,49,0x3c9f5530be21210e977efa87fa5d40ee6398069f,92.90025133999995,4429.860000000001,DiamondHands11
2026-03-09 04:55:35,day,weather,50,0x2a96eebb704167660522c85a4a40f63646a8b81a,91.59487300695992,163.41,0x2a96eebb704167660522c85a4a40f63646a8b81a
2026-03-09 04:55:35,day,weather,51,0x8a37fe3a49a36de9facd04bd09ee379211f7c99c,83.56000000000006,60000.0,ggmggn
2026-03-09 04:55:35,day,weather,52,0x5d5ce7130182fe3e3df79163db19869fe170cdf7,83.13059320800005,0.0,0x5d5ce7130182FE3E3DF79163dB19869Fe170cDF7-1770668637580
2026-03-09 04:55:35,day,weather,53,0x4ba4649c2e5f3ecc61f00fbacc5331dbc8e90a0b,77.97160360299995,0.0,0x4Ba4649C2E5f3Ecc61F00fbAcC5331DBc8e90a0b-1750542344825
2026-03-09 04:55:35,day,weather,54,0x21d0c129deb8a7f7e1569045200d20e23862ce91,77.8012334215,0.0,DEGENKHAN
2026-03-09 04:55:35,day,weather,55,0x84571f1bf97a5c710cbe51daff2dd4556cc887fd,73.38818700025013,72878.72,ZhangMuZhi..
2026-03-09 04:55:35,day,weather,56,0x43cb4ae1f4ddc9e671486c79c9f40a6fd98b84df,72.40711689700038,1135.0,0x43cb4Ae1f4dDC9E671486C79c9F40A6fd98B84Df-1761656284271
2026-03-09 04:55:35,day,weather,57,0xabbeb2bdd30ba5c51cb14168b068103961648f37,72.25196677850045,0.0,mamai
2026-03-09 04:55:35,day,weather,58,0xd4bd1b9952c0ff00b588cd4349ffc347562ffb6c,69.70987204650001,0.0,0xD4BD1B9952c0fF00b588cd4349fFC347562ffb6c-1769827370123
2026-03-09 04:55:35,day,weather,59,0x5f211a24da4c005d9438a1ea269673b85ed0b376,67.85178905049361,4136.308013999999,dpnd
2026-03-09 04:55:35,day,weather,60,0x5c096c04a66abc08d34e65b8aa98e85eed6b28d0,67.48500000000001,0.0,KyleAnthony2488
2026-03-09 04:55:35,day,weather,61,0x44c4b4a3dcfb07677464ad05e2a58f9032b9e3bf,66.93552266000002,254.51000000000002,Rickweb3
2026-03-09 04:55:35,day,weather,62,0x765fa4c18dd7c3607cdcee7a87681747c2d51508,65.38691263499982,0.0,0x765fa4c18dd7c3607cdcee7a87681747c2d51508
2026-03-09 04:55:35,day,weather,63,0xbc6f229be70c53e66e27f274bb2e9c0c2ea6577e,65.16205064114502,250.978655,0xBC6F229be70C53e66e27F274bB2e9C0C2ea6577E-1772760609892
2026-03-09 04:55:35,day,weather,64,0x40416ec8233566b9e25cca160bba214b1cab6f52,64.5998169133818,162.9828,Terry241129
2026-03-09 04:55:35,day,weather,65,0xd255008dda75f27395d50613b264c9759a613c50,64.53399999999999,0.0,0xD255008ddA75f27395D50613B264c9759A613c50-1739808769889
2026-03-09 04:55:35,day,weather,66,0xfe28c62a992859b9b9feeaea894d332aa87e43b1,63.19002079200003,684.2340409999999,0xFe28C62a992859B9B9FEEAEA894D332AA87e43b1-1772167767963
2026-03-09 04:55:35,day,weather,67,0xcce6d7552220e8ff75429ae551fd8ddcb06577d1,63.01633810018197,58.63,0xcce6d7552220e8ff75429ae551fd8ddcb06577d1
2026-03-09 04:55:35,day,weather,68,0x87650b9f63563f7c456d9bbcceee5f9faf06ed81,62.472548163321335,5648.010991,2B9S
2026-03-09 04:55:35,day,weather,69,0x3e8f9b935db8aa660853ce8cf340482ccc26e1eb,60.75,0.0,BT-polymarket
2026-03-09 04:55:35,day,weather,70,0xaab9f5e600a5dd88fe3a6f93313b180f6220a08d,60.58730000000014,0.0,DirkDiggler67
2026-03-09 04:55:35,day,weather,71,0xd33c9339a8e164d602e7ca8530ddaecd74a5f93f,59.698963000000006,104867.34900000002,botisseus
2026-03-09 04:55:35,day,weather,72,0xfc66bdbc8ab392220b366e08a5610d3ae0e720d8,59.63466113749999,0.0,0xfc66bdbc8ab392220b366e08a5610d3ae0e720d8
2026-03-09 04:55:35,day,weather,73,0xa09c9663ee39d05323eabcd22c0e6389e0e3f710,58.95318812000005,6213.64,JaidenAnimations
2026-03-09 04:55:35,day,weather,74,0x76a2391e0d2c48299497835fd8b9b742c8296651,58.436947065,243.91,ezGains
2026-03-09 04:55:35,day,weather,75,0x2cc133f81a8ba9aca82341153dc71b09cb203e21,57.76143406999998,0.0,TheJewishHammer
2026-03-09 04:55:35,day,weather,76,0xea89195d39e6c72e329a778fcc0a83316f3d26ab,56.94774907999977,180.51000000000002,ventop
2026-03-09 04:55:35,day,weather,77,0xf9c463f79d71083011e428df111fe4fffe19e119,56.15273596950007,75.233199,0xf9C463f79D71083011e428dF111FE4Fffe19E119-1771167965030
2026-03-09 04:55:35,day,weather,78,0xbe34a336d418168e13b95fe090694e1211cd8ee7,54.96317095099994,0.0,FrankAI
2026-03-09 04:55:35,day,weather,79,0xe6f7986fe174834132dce77095b884eab464bfd3,53.40581999999995,0.0,mattbancroft
2026-03-09 04:55:35,day,weather,80,0x0c553757831b5ea0fb8b45f95a44e16ceeb29e26,53.31622500000003,0.0,leleko2k
2026-03-09 04:55:35,day,weather,81,0xcf87b4e413182d127be9e7bf75b1e47d6a0d1949,52.16235999999999,0.0,lllmmmyyy
2026-03-09 04:55:35,day,weather,82,0xf1f81d40ae910099e1a65addb54942e76ca0f4cb,52.03333475379077,4937.081858999999,kamikazetrading
2026-03-09 04:55:35,day,weather,83,0x345d22bdb21bf703704fbca241cb5154ad904e41,48.30326658276505,36.1,unoreverse1
2026-03-09 04:55:35,day,weather,84,0xd8f8c13644ea84d62e1ec88c5d1215e436eb0f11,48.11600000006001,0.0,automatedAItradingbot
2026-03-09 04:55:35,day,weather,85,0xb9662577b522ca8196461dd45c72c6c3d52c84d5,47.69944329365171,1730.0105320000002,defiweb88
2026-03-09 04:55:35,day,weather,86,0x97c24d5d93c8fef969e991ec35082ad191f755d6,47.52723668600002,0.0,c01j
2026-03-09 04:55:35,day,weather,87,0xdfead66f8a902d72e8ea311d390e78a25d478006,46.95940168199999,129.55,0xDFeaD66f8A902D72E8EA311d390e78A25D478006-1770481126615
2026-03-09 04:55:35,day,weather,88,0xb00bd7638586083178a6b3003cfffda75e95fbca,46.5,0.0,dilliwaysvault
2026-03-09 04:55:35,day,weather,89,0x5c0f117f312cb33f363da00646710445b1d4da52,45.683860248,0.0,mumu1555
2026-03-09 04:55:35,day,weather,90,0x91d157e424b691f99a7ab2419c0910c98abc8437,45.60808962600001,0.0,henryyan
2026-03-09 04:55:35,day,weather,91,0xddf7e5468c5a287c3dc67373280bed5efca75122,45.599999999999966,0.0,JosephJohnson9410
2026-03-09 04:55:35,day,weather,92,0xe2284d1b782dc2664354cd6aca5cafcbbc611e29,45.060307795499966,0.0,floweralley
2026-03-09 04:55:35,day,weather,93,0x3accfb8be8c1b5fbea53c122f55e324659ef973d,44.55000000000007,0.0,ChristopherHernandez5492
2026-03-09 04:55:35,day,weather,94,0x35c4316574a4649865095ee9fe0c206005f6d144,44.15740224799998,0.0,avilla147
2026-03-09 04:55:35,day,weather,95,0x1d23625c854e7bd28942ab40ba3b2a5f133baa07,42.60000000000002,0.0,VickiWilliams3667
2026-03-09 04:55:35,day,weather,96,0x802fe61e73e38290915289aa8ac5e98796258e01,42.095722922999926,0.0,Nakasatoshi69
2026-03-09 04:55:35,day,weather,97,0xd727fb2d18c334f0240e92419f32ac83ea1b6e2e,42.031999999999925,0.0,DeannaSmith7248
2026-03-09 04:55:35,day,weather,98,0x8aa96214f7f442ba43bac4e827eab86aaf747a0e,41.50446286800002,0.0,Qwerty.ytrevvq
2026-03-09 04:55:35,day,weather,99,0xb5c36a91e158f1c2c865c90648eaaeead8f1dbf7,40.46843566908702,1058.9517779999999,BoldButcher
2026-03-09 04:55:35,day,weather,100,0x84d641c85e56872d4b1b20fd349241093024bca9,39.630000000000024,0.0,StephenWallace2948
2026-03-09 04:55:35,day,economics,1,0x52c2143f69dd3dcd249f688623c64ab5f7900556,4917.386289034999,0.0,0xcdlambjrrt0lk1en0js1mps0nipda1lyjfk
2026-03-09 04:55:35,day,economics,2,0x6480542954b70a674a74bd1a6015dec362dc8dc5,3009.4450907575774,2054120.6703089995,tripping
2026-03-09 04:55:35,day,economics,3,0xe7a3cd81b59acfa06d21df09beb57b84b794e60a,1445.1798743354975,541.0,MKIsabella
2026-03-09 04:55:35,day,economics,4,0xc8ab97a9089a9ff7e6ef0688e6e591a066946418,1365.910902749165,1084.958381,ArmageddonRewardsBilly
2026-03-09 04:55:35,day,economics,5,0xdeac8d42a5400b2037d85317afde2765bb8b0216,1204.2875506189998,0.0,0xdeac8D42A5400b2037d85317Afde2765bB8b0216-1767901914988
2026-03-09 04:55:35,day,economics,6,0xd1eed20edd22a289839379e89e3470ea1742a8ae,916.7337805721852,41.783453,chefradish
2026-03-09 04:55:35,day,economics,7,0x269ced0ede348b4b3f8fd8470b19f65508f79017,869.999772712501,0.0,allen111
2026-03-09 04:55:35,day,economics,8,0xa52b785a5510117ac3ae03d75d029f89a36c9480,730.4977651349909,0.0,Hashbrown
2026-03-09 04:55:35,day,economics,9,0x3b6d02645588be3897556337acd542190e10f95b,730.3665400000002,0.0,razzzzzz
2026-03-09 04:55:35,day,economics,10,0xda6b3099a815371d7713db81f9e57485d8aea403,656.9027800120002,0.0,Time.
2026-03-09 04:55:35,day,economics,11,0xa2417925070121ed571d23cb846aebcaa2d745f7,617.877318840001,0.0,888-168-888
2026-03-09 04:55:35,day,economics,12,0x7cde9cc2fc1ff9556b5167aaaa6fc5b3ce0ab97d,466.1005467715004,0.0,allen114
2026-03-09 04:55:35,day,economics,13,0xf5a32ca714b1d3337b5a53841fe4929ca834203a,444.0559400000001,0.0,pika88
2026-03-09 04:55:35,day,economics,14,0x878e9be57551ed6953f988c2c94362818160a074,429.4486004299997,0.0,0xMilly
2026-03-09 04:55:35,day,economics,15,0xb6c83e346ab31df6e24bc53ecb6e15c03b75b9e6,426.02792290599973,0.0,shibagege
2026-03-09 04:55:35,day,economics,16,0xdcd00e0ede9719fd856f8d8a9a0e19a9a91453e5,391.93666666599995,0.0,0xDCD00E0eDE9719FD856F8D8A9A0e19a9A91453e5-1769594486526
2026-03-09 04:55:35,day,economics,17,0xe02c5438dfb907d5ac4cbf3967b45d14e4ed5d08,388.2444645225114,0.0,Festka
2026-03-09 04:55:35,day,economics,18,0x9b6bd8de767f541cce89e9c8e6a5df837bf69a8a,366.536054873,0.0,babybaby1234
2026-03-09 04:55:35,day,economics,19,0x48d6f4103cfcadb098d9aa5104371b21e926653c,364.3032711150008,0.0,0x48d6F4103CfCAdb098D9aA5104371B21e926653C-1767066284282
2026-03-09 04:55:35,day,economics,20,0x56c9fbdeccf198f1f5ad95ace39b24f5f7fb0d9e,361.4509761649981,0.0,redvinny
2026-03-09 04:55:35,day,economics,21,0x0ced4f3afa5d9bfbd7ab82fd124896a7160c12b2,352.8073073599953,0.0,AlmostAndy
2026-03-09 04:55:35,day,economics,22,0x95c87b1d4c9a27fae67f5bca1494a3dc26309af1,350.56638571149995,0.0,Eldhi
2026-03-09 04:55:35,day,economics,23,0xcaab19659b995951a44cc992447cb2ad5be324dd,310.2520637354173,6461.927141,QMG-CORE
2026-03-09 04:55:35,day,economics,24,0xb3b50ef66acf4beefafa754a4e4b8b5cd5b6bef4,301.0014868085018,0.0,S.T.F.
2026-03-09 04:55:35,day,economics,25,0xed107a85a4585a381e48c7f7ca4144909e7dd2e5,299.14257625013124,0.0,bobe2
2026-03-09 04:55:35,day,economics,26,0x5d189e816b4149be00977c1a3c8840374aec4972,296.1365245129964,0.0,gloriafoster
2026-03-09 04:55:35,day,economics,27,0x38d812aff0b79f3bf5da2a477f780bcc163eea7c,288.30821048,3231.96,0x38D812aFF0B79f3bF5Da2a477F780Bcc163EeA7c-1721165130207
2026-03-09 04:55:35,day,economics,28,0x454eb47f75d726ff6f2320880f04d2e0b72462b9,284.30807728649825,0.0,StonkFarmer
2026-03-09 04:55:35,day,economics,29,0xde0463ea7f611b065e8ab06bbfbddad75e6dfa37,272.95361624662473,4036.4076670000004,mwenya
2026-03-09 04:55:35,day,economics,30,0x322e7c2d41a4b4d24ab1d05a38c6da506fbabae4,269.2796824475008,0.0,ShortTheWorld
2026-03-09 04:55:35,day,economics,31,0x7a35f8849c597cd12c3e2e3086b52b8c4f682744,266.54153965750083,0.0,gokol
2026-03-09 04:55:35,day,economics,32,0x3f71a5e8ddd949d0020bb0e1950df1746d1d9c46,242.31725586000084,0.0,bakatrading
2026-03-09 04:55:35,day,economics,33,0xc9b6227a295985591fe576ff2e054267a78a9b6a,227.8166465000004,455633.293,mango-lassi
2026-03-09 04:55:35,day,economics,34,0x55caf838c137edaeb9f44ca0d990d8e959d47edd,223.70658812112598,17720.356527,warriorbandit
2026-03-09 04:55:35,day,economics,35,0x35fa2bb1d86efdaf39abe1c8787f5cf25f252bd4,219.99909079999998,0.0,bbpro1
2026-03-09 04:55:35,day,economics,36,0xe9514aa0b925353ea0d5e32978d636ec25ebde18,214.67681495999568,0.0,b2d0
2026-03-09 04:55:35,day,economics,37,0xb6c3dd61658194b11719db1a78c97c8f7b9feb07,210.57934766376252,14083.329786,Nick-eth
2026-03-09 04:55:35,day,economics,38,0x3c01b99c8aed5d5dc7477f3dc3bb048290b1d612,209.27762970499953,1584.62,FoldingKeene
2026-03-09 04:55:35,day,economics,39,0x8f7f1a21f901c49c80c8721ff9a28ea91f47492b,200.0,0.0,Ad90
2026-03-09 04:55:35,day,economics,40,0xb6bed94e75c333dae24eb9c80b3fef47ef3cfcfe,188.23307579228208,7089.951182000001,DickTurbin
2026-03-09 04:55:35,day,economics,41,0x188d1ac5d249db6dd115e39d802676b370a8dad8,183.56135055799905,0.0,xl2i
2026-03-09 04:55:35,day,economics,42,0xa0d3909f97ef568bd7089c16c1f5ac6617145b5e,182.07364659324048,516.0,pooter224
2026-03-09 04:55:35,day,economics,43,0xdc5176241713496a58e19731ea1a6a70c0cae75f,178.51333392599997,0.0,RiskForReward
2026-03-09 04:55:35,day,economics,44,0xb87d55cc65d2c060ab16cfcd9d9b49e9d00fd094,172.84333328000048,0.0,0xB87d55Cc65d2c060Ab16CfCd9d9b49E9D00fd094-1768047958836
2026-03-09 04:55:35,day,economics,45,0x873534996602665a42c5f2902b6203599ff246e5,172.30204264500208,4622.03,bigdickprick
2026-03-09 04:55:35,day,economics,46,0x24be0ade26194193431e30563c8b2374afd8183e,170.69344999999998,0.0,Brantis
2026-03-09 04:55:35,day,economics,47,0xd8a699ff03d2fb8ccc94c034bb0ff1867159828f,170.34999999899998,0.0,0xd8a699ff03d2fb8ccc94c034bb0ff1867159828f
2026-03-09 04:55:35,day,economics,48,0x4728d8377019661b41a2fdca0da55c1dd1e06426,166.86961699999847,0.0,Miracle007
2026-03-09 04:55:35,day,economics,49,0x365f69338108711621c36f67b478148c155c3684,166.3753337205,0.0,0x365f69338108711621c36f67b478148c155c3684
2026-03-09 04:55:35,day,economics,50,0x06a2576e935cf05126105bdae75e8ff814630acb,163.06799999999987,0.0,Cleareyes
2026-03-09 04:55:35,day,economics,51,0xb661ed6e6d3f76f1db9d0a6acf80b4bbe6ebaa83,158.85314453499996,0.0,lolilolkikoo
2026-03-09 04:55:35,day,economics,52,0xcb3143ee858e14d0b3fe40ffeaea78416e646b02,157.2469839999394,2288.0,0xCB3143ee858E14d0B3FE40fFeaEa78416e646B0
2026-03-09 04:55:35,day,economics,53,0x03d52fddfaff7f348cd3c30585f2c303a37d97af,155.41457405999972,0.0,fur-fox
2026-03-09 04:55:35,day,economics,54,0x91784d82fbe4543459ee85fc9809be185d70a2b2,154.36911645999976,0.0,0x91784d82fbe4543459ee85fc9809be185d70a2b
2026-03-09 04:55:35,day,economics,55,0x10baa5e530fe99766598516f6fd856b22ac210b8,153.53824999999983,0.0,wackywu
2026-03-09 04:55:35,day,economics,56,0x94cff0a688ca7b2e5b2602343c49bcd812123db3,153.29396000000997,0.0,Official-Market-Maker
2026-03-09 04:55:35,day,economics,57,0xc32a3bfbe398db89dbdd0cd81243914a63bb2f86,149.72999999899997,0.0,adfafsf
2026-03-09 04:55:35,day,economics,58,0xfa671c1aa6402ca53d38c239cc7e2d6f92886bc2,149.28086404999976,143.0,KIkkkii
2026-03-09 04:55:35,day,economics,59,0xfbfd14dd4bb607373119de95f1d4b21c3b6c0029,149.0163991902009,60041.589528,XAEA12Archangel
2026-03-09 04:55:35,day,economics,60,0x40ee2f2d830f277afccde726338c70d243f72c4e,148.70755000100002,0.0,MLM728
2026-03-09 04:55:35,day,economics,61,0x09705c0b0a5a7359f5c94688687fc73447e65ae4,147.94101045000025,0.0,Occult
2026-03-09 04:55:35,day,economics,62,0x61313791c42f09ea053acc9eea9aaa6e7300fd16,147.77467704000128,0.0,emreus
2026-03-09 04:55:35,day,economics,63,0x94b08a4aa9c9ccfb9c8fecf6891e1ffff0809d34,147.712979412001,120.0,BillyBoy94
2026-03-09 04:55:35,day,economics,64,0x0649d9ec2b88aa38721fbec6c0ca65cca643a47b,144.99354999999997,0.0,0x0649D9ec2b88AA38721FBEc6C0CA65ccA643A47b-1768179592709
2026-03-09 04:55:35,day,economics,65,0xcf60bfd621c82c188875da469228aad0675d1867,139.6048298799999,0.0,RogueWon
2026-03-09 04:55:35,day,economics,66,0x2ed8f7a10686dbb0fb15f5c3335f30e0043793d4,138.23156336099055,26.6,podairpod
2026-03-09 04:55:35,day,economics,67,0x90ed5bffbffbfc344aa1195572d89719a398b5bc,130.75959335300468,8887.999586,failstober
2026-03-09 04:55:35,day,economics,68,0x9b2b6d27fbc5dd978486011e9de0da06435d5752,128.94373332000032,0.0,0x9B2B6d27fBC5dd978486011E9DE0DA06435d5752-1752803536689
2026-03-09 04:55:35,day,economics,69,0x59506f839022561f48eec644d3460439bc508c48,127.42873999999983,0.0,rip
2026-03-09 04:55:35,day,economics,70,0x80c5b2b9d09808bf015bdbd377b3f32f7029333d,126.09496954299993,0.0,BulkeyBull
2026-03-09 04:55:35,day,economics,71,0xceecb2ecc91e32ebcc6bdee532e3d90055a34ad9,125.7495131730002,0.0,Goopah
2026-03-09 04:55:35,day,economics,72,0x071ca94b1a55388eab17211e5ec605930e839b75,124.68221138520812,249365.093333,exmos1
2026-03-09 04:55:35,day,economics,73,0x7e01fb9dece74b0031696fe104fbcce421cc63be,122.24533849500222,1300.0,KTKK
2026-03-09 04:55:35,day,economics,74,0x9e7e57fbc4dd03dc7b0eea98f1f01bc100083e1d,115.47687165500247,0.0,mcorleone
2026-03-09 04:55:35,day,economics,75,0xb15b740e8437cf9e90160b66587d615a2c8b5215,114.83478167050168,100.0,harrypotterr
2026-03-09 04:55:35,day,economics,76,0x97afda90095deb8cbc9eac46acc2a79ab2569bc6,112.76190347150032,0.0,JosephTrump
2026-03-09 04:55:35,day,economics,77,0xbf8ca056b52d9263f22e82e4dc25797c2f1918fd,108.86462577400005,0.0,na6141mi3231bi321321a3213
2026-03-09 04:55:35,day,economics,78,0x9efda3d6354152901fc4706c3b1a9ce50b45ad00,108.70285657700151,0.0,Istaroth
2026-03-09 04:55:35,day,economics,79,0x1d749b198ea0d5136b21fc128fba38bc419c96eb,107.13450000000012,0.0,ZRGyoyo
2026-03-09 04:55:35,day,economics,80,0x832bbb891caf3a24c7d1915d9f6369c4949b5c91,105.75225700099907,94.95,yoyobb2018
2026-03-09 04:55:35,day,economics,81,0xf769c6390f6d564fe4859effbddb682c62660114,105.0205365165501,2011.1399999999999,MrMarket
2026-03-09 04:55:35,day,economics,82,0x44aafe6c5738defb4d09fcef8fe643731dc4d1d5,103.93195981699989,0.0,duncjst
2026-03-09 04:55:35,day,economics,83,0x1aba3c40acde42ce051c998abd1a9f064311c083,103.21874641950308,784.99,Askvaldo
2026-03-09 04:55:35,day,economics,84,0x0fda55255e462cefe10f58c6dd14a6ac48e38405,100.0,0.0,Bruno9
2026-03-09 04:55:35,day,economics,85,0x59f1bead500fca3db9483f76fba8832e3c0ca693,99.97995056000036,0.0,zber
2026-03-09 04:55:35,day,economics,86,0x328ae9a0564d71f721efc87356d583ea73a030c9,99.82489863300361,0.0,bitcoinorange
2026-03-09 04:55:35,day,economics,87,0x28145053fb3b2838b06004569668b305127a68db,99.636699701,0.0,lknxt95
2026-03-09 04:55:35,day,economics,88,0xd04d93be590ded67b99f053d4b6d29d3f8483312,99.08239125000546,198165.70650000003,Shipoo
2026-03-09 04:55:35,day,economics,89,0x68c24bf4a8ad4d79a6fe4b8eec6f93a02dfd1711,98.98427801702928,0.0,mombil
2026-03-09 04:55:35,day,economics,90,0x2dfdff9194943489434d7c61be12fdf80c606a46,98.7998,0.0,less is more
2026-03-09 04:55:35,day,economics,91,0xddf02876514229c9a9da8deaae8ada8c53a1714b,98.39923650000014,0.0,temperfidelity
2026-03-09 04:55:35,day,economics,92,0x6b2c51fe14f3f80bce4c838885555c5a64555341,96.97843052000098,0.0,wenyu888888
2026-03-09 04:55:35,day,economics,93,0x69e7ad68b5f11e97927e4bd938baf7dfb60bd3b0,95.78500630000053,0.0,InsiderrrZ
2026-03-09 04:55:35,day,economics,94,0x0a26054fe174697bf6be759c4b600fdb830d1851,93.95887830899801,0.0,BrevanHoward
2026-03-09 04:55:35,day,economics,95,0x35e4f89223ab2372477479016589226e0db45bbc,93.02639999999997,0.0,ebobc
2026-03-09 04:55:35,day,economics,96,0xee2d0af021acd033e7e1bca525b64e8877590d8a,91.3558767150007,0.0,Adam001
2026-03-09 04:55:35,day,economics,97,0x24787691ebc296444add2ee3dea03c9d6f9b2e62,90.41771179400166,0.0,exothetajunkie
2026-03-09 04:55:35,day,economics,98,0xdc4671c5513c93774714cf00be81093991904fb8,87.85000715000001,0.0,0xDC4671C5513C93774714cF00Be81093991904Fb8-1760509798033
2026-03-09 04:55:35,day,economics,99,0x0c0e270cf879583d6a0142fc817e05b768d0434e,87.64773507796053,0.0,The Spirit of Ukraine>UMA
2026-03-09 04:55:35,day,economics,100,0x3960e10d156b54e51ca9b742a882ad28b9d0fd98,86.15606981199971,0.0,0x3960E10d156B54E51CA9b742a882ad28B9d0FD98-1770830957873
2026-03-09 04:55:35,day,tech,1,0x0b7a6030507efe5db145fbb57a25ba0c5f9d86cf,2877.3719224731285,330.0,0x0B7A6030507efE5DB145FBB57a25Ba0C5f9d86cF-1770564924062
2026-03-09 04:55:35,day,tech,2,0xaa91e0555348cf683b542ddb55ac22a5c5d9b2f0,2623.1061552850006,0.0,0xAA91E0555348cF683b542DDB55AC22a5c5d9B2f0-1772373143083
2026-03-09 04:55:35,day,tech,3,0x0fe9a395a0be3a7c8337a135a5c469d5f985d372,1833.8328500899988,0.0,vodzjP
2026-03-09 04:55:35,day,tech,4,0x2ce69d54f4d4a2602ca378d71b59ebe9a927e378,1767.4181420349996,0.0,gaojinxiaodao
2026-03-09 04:55:35,day,tech,5,0x0d5e729817c3ca9aac9a305e616dacd56a6626ef,1080.8584443151658,1404.55,Leibus
2026-03-09 04:55:35,day,tech,6,0xfe6a0480bfc401661040e4e7e98a37edf7dc1f2d,1052.6172141000006,0.0,StrawberryMojito
2026-03-09 04:55:35,day,tech,7,0x2f6945f83b464f93d6b4acddd632f1ad325b809d,952.7318655399977,0.0,0x2F6945f83B464f93D6b4AcddD632F1aD325b809D-1772294995889
2026-03-09 04:55:35,day,tech,8,0x1a475c96573121a913ae61cbc57005c6c0e4846f,870.9968090849993,0.0,Eurospar
2026-03-09 04:55:35,day,tech,9,0x2af01ed18869d9b35f9a7de71c7a565d806fb2a8,744.2494560150008,0.0,0x2af01Ed18869D9b35F9a7dE71C7A565D806FB2A8-1772538025690
2026-03-09 04:55:35,day,tech,10,0xfee387b693a098cd36a34360ce8de023ca8ae3ad,627.0677306399994,0.0,BH-Lucker
2026-03-09 04:55:35,day,tech,11,0x3b621466d298a1754d827ef3da24dd8a0ba2728a,615.1590410249992,0.0,splash886
2026-03-09 04:55:35,day,tech,12,0x635c996f63ea27aaada0f6c431e3fae7e8675a00,604.4505568799996,0.0,momo727
2026-03-09 04:55:35,day,tech,13,0x638555f852fa42882abc6e02701dc7308e5dcdf1,395.5824559899993,0.0,usr2
2026-03-09 04:55:35,day,tech,14,0x184acdb93355a3ad880e6874f74d79581bd0fe4f,380.46321693499954,0.0,0x184aCDB93355A3ad880e6874f74D79581bd0Fe4f-1772827999708
2026-03-09 04:55:35,day,tech,15,0x75d1b199a96801338e67a6efaa35c0028ea87a5f,344.6839012749997,0.0,0x75d1B199a96801338e67a6eFAa35C0028eA87A5F-1770658242710
2026-03-09 04:55:35,day,tech,16,0xf4d6c7051a856fbaa3396f4a895f071575458e16,318.2093721430964,3627.7799999999997,BigBrainnn
2026-03-09 04:55:35,day,tech,17,0x85874640d7af8e31e5b6f0700d117fd53933fa45,304.3900449400003,0.0,0x85874640D7Af8E31E5B6F0700d117Fd53933Fa45-1771572437321
2026-03-09 04:55:35,day,tech,18,0x9def9524630e31ff90f884eed32c3eecfbf8d1a5,302.09311239599987,749.98,pbshine
2026-03-09 04:55:35,day,tech,19,0x8ace6b1016214876667444d2b3055065da996069,257.0275361503829,350.877191,wastrel
2026-03-09 04:55:35,day,tech,20,0xb362624086dad1c761fe72443b92dbd3aa5fabe1,234.51339657999972,0.0,0xb362624086DAD1C761FE72443B92dbD3aA5Fabe1-1770692603685
2026-03-09 04:55:35,day,tech,21,0x413f29bc7f5ce2a2d8d28fb3a8b5d75199d247f3,227.4994679749998,0.0,luckyfly
2026-03-09 04:55:35,day,tech,22,0xe06fe8651855db7cfcc76ed4f8a7328f74316981,223.57487086999987,0.0,ludoman001
2026-03-09 04:55:35,day,tech,23,0x67448855deaac1d8d9b6402c5017e2c7bafa9790,223.07824311500008,0.0,arcbunny
2026-03-09 04:55:35,day,tech,24,0x3b60926e9e9e4587c27088f42cd4c2e236df4e26,192.59981214999993,0.0,mayhemD
2026-03-09 04:55:35,day,tech,25,0xc3262aeb0bd81deab067726635f5b5bd39201db1,157.14106961533867,561.2371909999999,GxUNDEFINED
2026-03-09 04:55:35,day,tech,26,0xc7ad48ae5216c59c8576155ba444ed145f4d8e81,141.54326686500008,0.0,loserjj
2026-03-09 04:55:35,day,tech,27,0xbcc00f27b93256d4609095befc4d2e34adf38126,127.49598921500007,0.0,lessbut
2026-03-09 04:55:35,day,tech,28,0x3115e420331e51ef7a7032c69813b53f52db5df4,121.48066963499991,0.0,2126cfb
2026-03-09 04:55:35,day,tech,29,0x690a80b959581ad752a9b7b5d9a3202c4a2b0813,117.0,0.0,Shimeji
2026-03-09 04:55:35,day,tech,30,0xfc7612db87dc5d3b234fb673eda2858f9de00ad0,111.68907474899606,0.0,lisra
2026-03-09 04:55:35,day,tech,31,0x87650b9f63563f7c456d9bbcceee5f9faf06ed81,108.16395198299983,0.0,2B9S
2026-03-09 04:55:35,day,tech,32,0x613ec461688a1b0d738d99789f914ac86e7a9707,105.37705000000005,0.0,otame
2026-03-09 04:55:35,day,tech,33,0xc2174bbf10e7bf665b933e1f860436c8efe2231a,97.34455954799978,0.0,roaringhashbrown
2026-03-09 04:55:35,day,tech,34,0xfb1b4e2db61efb47bfb1ac92807c76d4f367a11d,96.44767653800045,0.0,Rumpelstiltskin
2026-03-09 04:55:35,day,tech,35,0x9f4554b37bafd2c9ade6682a375ce4aa19a4f32d,95.23158443499983,0.0,csd-csd
2026-03-09 04:55:35,day,tech,36,0xe1b361d6a6f237b9ed7534d19b232df8369e1426,82.49993514000016,0.0,tja
2026-03-09 04:55:35,day,tech,37,0xc8ab97a9089a9ff7e6ef0688e6e591a066946418,78.90670669802785,5.0,ArmageddonRewardsBilly
2026-03-09 04:55:35,day,tech,38,0x8325947fae4bfa0b20270601a8e51ca5b4e86ecb,76.45010411999999,0.0,unaware
2026-03-09 04:55:35,day,tech,39,0x74919413601bfb577685d47bec38dbb1174fada0,75.45981398500001,0.0,0x74919413601bfb577685d47bec38dbb1174fada0
2026-03-09 04:55:35,day,tech,40,0x02dfecb4f59e6440b7a64774a465d1197c43b85a,71.16828973999998,0.0,0x02DfeCB4f59E6440b7A64774a465D1197C43B85A-1751818871372
2026-03-09 04:55:35,day,tech,41,0x5b21dab31b830af61e6651a5894cf0b36d6b2271,69.26163627499989,0.0,AMGAZT
2026-03-09 04:55:35,day,tech,42,0xe0f1e7751df4035f78a5eb2f4296c98b4d5bc4bd,66.4974849199998,0.0,CompulsiveGambler
2026-03-09 04:55:35,day,tech,43,0x63c652270a37e53a170303b6b264a2aa835743a5,65.67747104499995,0.0,big-short
2026-03-09 04:55:35,day,tech,44,0xae7c98235d5dc797edfa3d3af2e0334238a4487e,64.99973226499992,0.0,ProfitMuhammedPBUH
2026-03-09 04:55:35,day,tech,45,0x9aeb534c42b58b21673d5e03e9da14fbd15b2729,64.1088652999997,0.0,The-Joker
2026-03-09 04:55:35,day,tech,46,0xc25120b27e01031b2122f74488dcdb077a78b9c3,62.99553736999991,0.0,TTbilly
2026-03-09 04:55:35,day,tech,47,0x1851cc2a59239f189b52c51df00d3e1e4b537016,55.19445197499988,0.0,impaul
2026-03-09 04:55:35,day,tech,48,0x5aac4abbcf73ea0901b0ba49e7e22a7ec9937772,53.10734218999994,0.0,0x5aaC4AbBCF73ea0901b0BA49e7E22A7Ec9937772-1768762555847
2026-03-09 04:55:35,day,tech,49,0x27967bf928ce82c29cf34389ba34c5759c8cb4f0,52.00006000800002,0.0,TuKiBTC
2026-03-09 04:55:35,day,tech,50,0x41ff016d8ac2281bbb852f4d5ac02fcd6569057c,51.788471344999934,0.0,sdEinsiedl
2026-03-09 04:55:35,day,tech,51,0x075948f7c8141ce18fd10afbf160abeaa6b9147d,51.0300000000002,0.0,xxgxxg
2026-03-09 04:55:35,day,tech,52,0x33db47152223a9b30a1891902402ad7e3485417a,49.74690813999996,0.0,calm.rabbit
2026-03-09 04:55:35,day,tech,53,0x11e829d2a19e7ade935861fb043715766a015b74,47.25336423000044,0.0,Justitia
2026-03-09 04:55:35,day,tech,54,0x4f03c67fb76341809cecb20c7395ed138c56d3ee,47.24448457000003,0.0,0x4f03c67fb76341809cecb20c7395ed138c56d3ee
2026-03-09 04:55:35,day,tech,55,0x09e672e5993de19f84fbd9a1cc2e298fdc5b24a1,46.24062000000026,0.0,RIC25
2026-03-09 04:55:35,day,tech,56,0xd8f92ffe48fa03e93a2fc70e5dfb0a91737e5670,39.222433835000004,0.0,0xD8F92FfE48fA03e93A2FC70e5Dfb0a91737e5670-1771150433874
2026-03-09 04:55:35,day,tech,57,0x00c46258190c82a9f547bd9a5334e1e7f2457826,38.24452272800045,0.0,Simoel997
2026-03-09 04:55:35,day,tech,58,0xc3103fa1fd05dd1fb5a38b5c87a793c290fa1972,37.440056225000035,0.0,IvanD
2026-03-09 04:55:35,day,tech,59,0x736539924a5602b37a03a54fc12c1cc8f98964da,35.83811452499958,0.0,cqk
2026-03-09 04:55:35,day,tech,60,0x820a3a2aaef1da78a8676e044c1277aa4d55671d,33.56092493,0.0,0x820a3a2AAeF1Da78a8676E044c1277aA4D55671D-1772777100583
2026-03-09 04:55:35,day,tech,61,0x811cce0c9aa9d5688bfbf22544336667dc2a6e0f,33.06606000000011,0.0,hhheyyy
2026-03-09 04:55:35,day,tech,62,0x765fa4c18dd7c3607cdcee7a87681747c2d51508,32.84471999500056,0.0,0x765fa4c18dd7c3607cdcee7a87681747c2d51508
2026-03-09 04:55:35,day,tech,63,0x77266604e63f5caf08d19caebae0c563ce064aee,32.5,0.0,0x77266604E63f5cAF08D19CaEBae0C563ce64aEE
2026-03-09 04:55:35,day,tech,64,0xdf409ebc2cda86c98f3abf7666ff4bdc01ff38b8,30.202272954999955,199.99,tttt123
2026-03-09 04:55:35,day,tech,65,0xdc1fd35818d013b208d0181ba102b6ca98f96f1b,29.518060815999974,0.0,Deutschlander
2026-03-09 04:55:35,day,tech,66,0x666c71686fecf919689ee6a5b80fe28a166b8759,28.09739398999998,0.0,wisenova
2026-03-09 04:55:35,day,tech,67,0xbad745ecadcd52516ce0bd2bb10e74173bd0b732,27.76433822499996,0.0,0xBad745eCadCd52516Ce0BD2BB10E74173bD0b732-1771154296564
2026-03-09 04:55:35,day,tech,68,0x68ecad810dfb0ad5c84869821b1b1c69753a70a5,26.780371279999997,0.0,0x68ecad810DFB0AD5c84869821B1b1c69753a70a5-1768606678231
2026-03-09 04:55:35,day,tech,69,0x8c4825149e226d45283b0e645e6cd8d64adf8576,26.26295444499999,0.0,0x8C4825149E226D45283B0e645E6cD8D64adF8576-1768693454728
2026-03-09 04:55:35,day,tech,70,0x17190ded4184bc434ae7ca70f9caf87fda815cea,26.00004096500004,0.0,wallet-2
2026-03-09 04:55:35,day,tech,71,0x7eb485b118ed1cc5fd3d85977350131e7a070872,26.0,0.0,gleb7
2026-03-09 04:55:35,day,tech,72,0x6828e04b468e17d92fa1e5d60d59290278a81056,25.92333312599976,0.0,Oompa-Loompa
2026-03-09 04:55:35,day,tech,73,0x7bd536e982ba5418f0d1a7e2e8644a12b94841f2,25.725239999999985,0.0,bellraid
2026-03-09 04:55:35,day,tech,74,0x7b75e76b13a8d792bd4ce25d76a50be61ced3fd1,24.484161032000884,0.0,Xeny
2026-03-09 04:55:35,day,tech,75,0x3290ba57b80e67a0cdb952f3584a27e426a9f4bd,23.15213,0.0,pepescrypto
2026-03-09 04:55:35,day,tech,76,0x7277ac5c4c24771d8ed0bcd75816e93800b1ab80,21.64602187600002,0.0,Xuxito
2026-03-09 04:55:35,day,tech,77,0x28b291aa82da13e1d58993873806c92908d5eb4f,20.860376845000246,0.0,libratus1
2026-03-09 04:55:35,day,tech,78,0x02a17a92e6f673129b37d95359c7af628a3cdd72,20.850334415999896,0.0,Imbafer
2026-03-09 04:55:35,day,tech,79,0xc02147dee42356b7a4edbb1c35ac4ffa95f61fa8,20.195466630000737,0.0,Eatpraylove
2026-03-09 04:55:35,day,tech,80,0xa5e3044fd953605f9407d58c76e48fd75a394d7e,19.035053999999995,0.0,peepeepooppoop
2026-03-09 04:55:35,day,tech,81,0x34379b9a574de6c5f05b3216a315fbf5b707f8f3,18.55487820999997,398.755,ferragamore
2026-03-09 04:55:35,day,tech,82,0x208f804ebfa75716bd4077cd1cc0acaf992a69d7,18.550154001999985,9.0,oakme
2026-03-09 04:55:35,day,tech,83,0xa5538be5d78c71155032cfcd4e508c99f16a3b87,18.389567302000046,0.0,Leamsito
2026-03-09 04:55:35,day,tech,84,0xb120679099d26b0af04811c26c6077c587f9f2ff,18.03174486000006,93.13,frizzizzi
2026-03-09 04:55:35,day,tech,85,0x00c840982a21159bd108ed80e36fba9db141a75f,18.0045202,0.0,CRMUSK
2026-03-09 04:55:35,day,tech,86,0x714f682e577a6892ee921290fd6ad213d11266d5,17.335900000000038,0.0,Poivre22
2026-03-09 04:55:35,day,tech,87,0x702226b14b65b1c8d05ff51759e095f09932f64e,17.287648509999883,0.0,0x702226B14B65B1c8d05fF51759e095f09932F64e-1770071899262
2026-03-09 04:55:35,day,tech,88,0xe4330b45fe39de73beed1ffc800a2f1d41931700,16.164999999999978,0.0,myripple
2026-03-09 04:55:35,day,tech,89,0x48ab83f5ec5849b515f2de7c8c41598c2d1c8102,15.893822920000005,0.0,0x48Ab83f5Ec5849b515F2DE7C8C41598C2D1c8102-1769682932748
2026-03-09 04:55:35,day,tech,90,0x7cbdd6fff55e78b77511f44691317de45a051288,15.794545844999988,0.0,0x7CbDd6ffF55e78B77511F44691317dE45a051288-1765189718530
2026-03-09 04:55:35,day,tech,91,0x5f6e91f4feb64c631c306270b7d59e8cdf64827f,15.502342794000015,0.0,Polariz
2026-03-09 04:55:35,day,tech,92,0xba85aec1c659f690c286ee46c3bca4327e9161c3,15.263197768047007,134.297871,Charon2050
2026-03-09 04:55:35,day,tech,93,0xf258aeac542174ded6cbd78426fcc7dbf902e4b0,14.91588999999999,0.0,AIB
2026-03-09 04:55:35,day,tech,94,0x02ead728ab076778e70ac76a68f097249013a39c,14.85258749999997,0.0,pigment
2026-03-09 04:55:35,day,tech,95,0x243447461032f480e62080231ec264b38e8f75ea,14.772874999999999,0.0,porone
2026-03-09 04:55:35,day,tech,96,0x6d9256ab59b13fee134519af8e2521eb618c1cf3,14.564583124999999,0.0,fryinpan
2026-03-09 04:55:35,day,tech,97,0x111ebadb5b678e8f62a5b72792f23d6f20ef3753,14.0,0.0,Paeniscus.
2026-03-09 04:55:35,day,tech,98,0x29f033d393e46cb29da67bc664a3da145c4bd353,13.663265199999984,0.0,YoBananaBoy
2026-03-09 04:55:35,day,tech,99,0x099ce0b1f34570151fd30fc342d92e253db73685,13.0,0.0,scxyy
2026-03-09 04:55:35,day,tech,100,0xd898f49be0be7da86b757ed160f9e497f9adaaf1,12.999444720000017,0.0,Diplopia
